thetahat =

  Columns 1 through 10

    0.5135    0.5343    0.5162    0.5265    0.5195    0.5488    0.5433    0.5117    0.5124    0.5540
    0.0364    0.0373    0.0361    0.0364    0.0363    0.0384    0.0379    0.0360    0.0360    0.0392
    0.0074    0.0073    0.0074    0.0074    0.0074    0.0070    0.0071    0.0073    0.0076    0.0072
    0.1961    0.1906    0.1962    0.1932    0.1954    0.1850    0.1859    0.1971    0.1972    0.1846

  Columns 11 through 20

    0.5552    0.5641    0.5292    0.5161    0.5243    0.5322    0.5143    0.5105    0.5471    0.4991
    0.0392    0.0400    0.0373    0.0361    0.0369    0.0370    0.0364    0.0360    0.0381    0.0350
    0.0070    0.0072    0.0073    0.0075    0.0074    0.0073    0.0075    0.0072    0.0072    0.0077
    0.1825    0.1799    0.1915    0.1969    0.1928    0.1914    0.1974    0.1953    0.1863    0.2036

  Columns 21 through 30

    0.5237    0.5378    0.5145    0.5256    0.5418    0.5318    0.5278    0.5638    0.5513    0.5202
    0.0371    0.0376    0.0363    0.0369    0.0379    0.0373    0.0370    0.0390    0.0387    0.0363
    0.0073    0.0072    0.0075    0.0076    0.0072    0.0072    0.0073    0.0070    0.0070    0.0075
    0.1931    0.1890    0.1979    0.1936    0.1875    0.1904    0.1925    0.1805    0.1841    0.1953

  Columns 31 through 40

    0.5349    0.5221    0.5132    0.5110    0.5411    0.5216    0.5404    0.5245    0.5167    0.4981
    0.0376    0.0363    0.0361    0.0360    0.0380    0.0363    0.0379    0.0371    0.0366    0.0352
    0.0073    0.0074    0.0075    0.0075    0.0072    0.0074    0.0072    0.0073    0.0074    0.0077
    0.1895    0.1940    0.1986    0.1994    0.1877    0.1943    0.1882    0.1926    0.1949    0.2040

  Columns 41 through 50

    0.5269    0.5478    0.5427    0.5266    0.5368    0.5301    0.5276    0.5284    0.5407    0.5484
    0.0369    0.0380    0.0379    0.0372    0.0379    0.0368    0.0371    0.0370    0.0379    0.0382
    0.0074    0.0072    0.0072    0.0073    0.0074    0.0073    0.0074    0.0073    0.0072    0.0071
    0.1920    0.1857    0.1878    0.1922    0.1894    0.1917    0.1921    0.1907    0.1879    0.1852

  Columns 51 through 60

    0.5143    0.5465    0.5228    0.5120    0.5272    0.4440    0.5270    0.5793    0.5236    0.5356
    0.0368    0.0382    0.0364    0.0361    0.0367    0.0313    0.0369    0.0403    0.0366    0.0376
    0.0074    0.0072    0.0073    0.0075    0.0074    0.0078    0.0072    0.0069    0.0074    0.0073
    0.1961    0.1858    0.1932    0.1968    0.1939    0.2256    0.1918    0.1757    0.1945    0.1896

  Columns 61 through 70

    0.4575    0.5448    0.5226    0.5361    0.5348    0.4936    0.5301    0.5657    0.5222    0.5413
    0.0320    0.0380    0.0370    0.0377    0.0378    0.0345    0.0373    0.0400    0.0365    0.0382
    0.0078    0.0069    0.0073    0.0072    0.0073    0.0073    0.0073    0.0072    0.0075    0.0072
    0.2201    0.1844    0.1928    0.1890    0.1900    0.2027    0.1909    0.1799    0.1944    0.1875

  Columns 71 through 80

    0.4829    0.5032    0.5663    0.5214    0.5283    0.5059    0.5137    0.5394    0.5779    0.5249
    0.0339    0.0356    0.0399    0.0367    0.0369    0.0353    0.0362    0.0386    0.0407    0.0367
    0.0076    0.0076    0.0069    0.0074    0.0071    0.0075    0.0075    0.0069    0.0068    0.0072
    0.2084    0.2012    0.1790    0.1951    0.1901    0.2005    0.1970    0.1857    0.1757    0.1931

  Columns 81 through 90

    0.5411    0.5662    0.5340    0.5370    0.5537    0.5149    0.5348    0.5123    0.5257    0.5210
    0.0378    0.0393    0.0373    0.0379    0.0389    0.0363    0.0375    0.0360    0.0369    0.0364
    0.0072    0.0070    0.0071    0.0074    0.0071    0.0075    0.0072    0.0075    0.0073    0.0072
    0.1874    0.1815    0.1886    0.1896    0.1835    0.1972    0.1903    0.1972    0.1926    0.1926

  Columns 91 through 100

    0.5551    0.5447    0.5403    0.5205    0.4378    0.5194    0.5608    0.5481    0.4561    0.5071
    0.0389    0.0382    0.0377    0.0365    0.0309    0.0366    0.0393    0.0387    0.0324    0.0356
    0.0070    0.0072    0.0073    0.0074    0.0079    0.0074    0.0070    0.0071    0.0078    0.0076
    0.1826    0.1860    0.1892    0.1946    0.2287    0.1957    0.1804    0.1855    0.2194    0.2006

  Columns 101 through 110

    0.5231    0.5577    0.5237    0.5112    0.5513    0.5134    0.5640    0.5169    0.4517    0.5243
    0.0368    0.0388    0.0368    0.0361    0.0385    0.0361    0.0390    0.0362    0.0317    0.0370
    0.0073    0.0070    0.0074    0.0071    0.0071    0.0074    0.0070    0.0075    0.0078    0.0074
    0.1930    0.1822    0.1932    0.1949    0.1845    0.1970    0.1804    0.1969    0.2221    0.1943

  Columns 111 through 120

    0.5425    0.4979    0.5439    0.5844    0.5110    0.5153    0.5484    0.5100    0.5255    0.5577
    0.0384    0.0355    0.0381    0.0412    0.0360    0.0364    0.0383    0.0360    0.0370    0.0389
    0.0072    0.0073    0.0071    0.0068    0.0075    0.0075    0.0072    0.0075    0.0074    0.0071
    0.1874    0.2010    0.1861    0.1735    0.1985    0.1971    0.1851    0.1994    0.1931    0.1828

  Columns 121 through 130

    0.4413    0.5292    0.5190    0.5425    0.5368    0.5142    0.5097    0.5305    0.4492    0.4951
    0.0312    0.0369    0.0361    0.0377    0.0377    0.0361    0.0357    0.0372    0.0316    0.0352
    0.0079    0.0072    0.0075    0.0073    0.0072    0.0075    0.0073    0.0072    0.0078    0.0073
    0.2264    0.1906    0.1949    0.1881    0.1883    0.1971    0.1979    0.1904    0.2237    0.2011

  Columns 131 through 140

    0.5369    0.5027    0.5452    0.5065    0.5095    0.5215    0.4982    0.5773    0.5188    0.5171
    0.0381    0.0356    0.0381    0.0362    0.0359    0.0364    0.0350    0.0400    0.0361    0.0361
    0.0070    0.0075    0.0072    0.0077    0.0075    0.0074    0.0076    0.0069    0.0073    0.0075
    0.1867    0.2005    0.1865    0.2003    0.1985    0.1949    0.2036    0.1770    0.1940    0.1963

  Columns 141 through 150

    0.5270    0.5445    0.5185    0.5252    0.5107    0.5183    0.5348    0.5133    0.5156    0.5482
    0.0369    0.0377    0.0363    0.0369    0.0356    0.0359    0.0373    0.0362    0.0364    0.0383
    0.0074    0.0072    0.0075    0.0076    0.0076    0.0072    0.0073    0.0075    0.0072    0.0070
    0.1924    0.1874    0.1971    0.1942    0.1997    0.1943    0.1904    0.1963    0.1951    0.1832

  Columns 151 through 160

    0.5252    0.5118    0.5134    0.5731    0.5151    0.4523    0.5179    0.5073    0.5125    0.5617
    0.0369    0.0362    0.0361    0.0399    0.0360    0.0319    0.0367    0.0358    0.0361    0.0394
    0.0073    0.0075    0.0075    0.0069    0.0075    0.0078    0.0073    0.0075    0.0075    0.0070
    0.1928    0.1971    0.1974    0.1778    0.1970    0.2217    0.1948    0.1991    0.1975    0.1813

  Columns 161 through 170

    0.5525    0.5826    0.5229    0.5562    0.4547    0.5471    0.5366    0.5158    0.5478    0.5516
    0.0386    0.0409    0.0365    0.0388    0.0319    0.0382    0.0379    0.0358    0.0384    0.0388
    0.0070    0.0068    0.0074    0.0070    0.0078    0.0072    0.0072    0.0073    0.0070    0.0071
    0.1826    0.1743    0.1940    0.1827    0.2205    0.1852    0.1895    0.1953    0.1841    0.1843

  Columns 171 through 180

    0.5483    0.5103    0.5215    0.5325    0.5493    0.4545    0.5184    0.5448    0.5421    0.5201
    0.0388    0.0359    0.0369    0.0372    0.0384    0.0321    0.0361    0.0384    0.0378    0.0367
    0.0071    0.0075    0.0074    0.0072    0.0071    0.0077    0.0075    0.0070    0.0071    0.0075
    0.1855    0.1990    0.1955    0.1904    0.1850    0.2201    0.1962    0.1855    0.1883    0.1949

  Columns 181 through 190

    0.5105    0.5415    0.5107    0.5725    0.5172    0.5387    0.5367    0.5332    0.4552    0.5155
    0.0358    0.0379    0.0356    0.0401    0.0365    0.0381    0.0377    0.0376    0.0318    0.0360
    0.0076    0.0072    0.0075    0.0069    0.0075    0.0072    0.0073    0.0073    0.0077    0.0075
    0.2000    0.1875    0.1987    0.1775    0.1972    0.1878    0.1893    0.1909    0.2191    0.1974

  Columns 191 through 200

    0.5666    0.5525    0.5674    0.5210    0.4991    0.5401    0.5266    0.5627    0.5274    0.5250
    0.0396    0.0387    0.0397    0.0368    0.0350    0.0379    0.0370    0.0394    0.0373    0.0368
    0.0070    0.0071    0.0070    0.0073    0.0076    0.0072    0.0073    0.0069    0.0073    0.0074
    0.1794    0.1843    0.1793    0.1943    0.2029    0.1878    0.1928    0.1794    0.1916    0.1937

  Columns 201 through 210

    0.5192    0.5565    0.5654    0.5064    0.5208    0.5100    0.5401    0.5217    0.5442    0.5161
    0.0367    0.0393    0.0396    0.0359    0.0363    0.0364    0.0374    0.0368    0.0380    0.0361
    0.0074    0.0073    0.0069    0.0076    0.0071    0.0075    0.0073    0.0074    0.0073    0.0075
    0.1949    0.1833    0.1797    0.1998    0.1928    0.1989    0.1894    0.1942    0.1866    0.1975

  Columns 211 through 220

    0.5085    0.5298    0.5170    0.5265    0.5332    0.5049    0.5108    0.5041    0.5378    0.5507
    0.0357    0.0371    0.0359    0.0370    0.0374    0.0357    0.0361    0.0354    0.0379    0.0387
    0.0076    0.0073    0.0072    0.0072    0.0073    0.0076    0.0075    0.0076    0.0072    0.0071
    0.1998    0.1911    0.1947    0.1912    0.1894    0.2010    0.1975    0.2017    0.1884    0.1848

  Columns 221 through 230

    0.4962    0.5316    0.5049    0.5448    0.5214    0.5664    0.5320    0.5290    0.5281    0.5276
    0.0346    0.0371    0.0355    0.0380    0.0366    0.0397    0.0372    0.0372    0.0366    0.0368
    0.0073    0.0073    0.0076    0.0072    0.0072    0.0070    0.0073    0.0073    0.0074    0.0074
    0.2015    0.1912    0.2007    0.1870    0.1935    0.1794    0.1908    0.1925    0.1927    0.1932

  Columns 231 through 240

    0.4943    0.5438    0.5273    0.5366    0.5340    0.5511    0.5252    0.5246    0.5095    0.5081
    0.0343    0.0381    0.0370    0.0377    0.0379    0.0388    0.0367    0.0369    0.0358    0.0361
    0.0074    0.0072    0.0073    0.0072    0.0072    0.0071    0.0073    0.0074    0.0075    0.0073
    0.2046    0.1879    0.1925    0.1895    0.1890    0.1846    0.1927    0.1938    0.1990    0.1967

  Columns 241 through 250

    0.5573    0.5226    0.5192    0.5763    0.5685    0.5136    0.5143    0.5076    0.5261    0.5265
    0.0392    0.0367    0.0368    0.0402    0.0397    0.0365    0.0360    0.0355    0.0365    0.0368
    0.0069    0.0074    0.0074    0.0068    0.0069    0.0074    0.0076    0.0076    0.0073    0.0074
    0.1815    0.1936    0.1955    0.1756    0.1779    0.1966    0.1982    0.2008    0.1925    0.1934

  Columns 251 through 260

    0.5374    0.5321    0.5230    0.5208    0.5192    0.5809    0.5462    0.5296    0.5328    0.5213
    0.0378    0.0370    0.0364    0.0367    0.0367    0.0410    0.0383    0.0373    0.0377    0.0365
    0.0073    0.0074    0.0075    0.0074    0.0073    0.0071    0.0072    0.0073    0.0075    0.0071
    0.1896    0.1909    0.1947    0.1945    0.1944    0.1757    0.1856    0.1909    0.1910    0.1934

  Columns 261 through 270

    0.5128    0.5362    0.5010    0.4874    0.5279    0.5347    0.5451    0.5528    0.5386    0.5156
    0.0363    0.0373    0.0352    0.0345    0.0368    0.0375    0.0385    0.0388    0.0378    0.0368
    0.0076    0.0072    0.0076    0.0075    0.0073    0.0073    0.0072    0.0070    0.0072    0.0074
    0.1972    0.1892    0.2030    0.2065    0.1919    0.1903    0.1845    0.1829    0.1885    0.1954

  Columns 271 through 280

    0.5143    0.5171    0.5329    0.5271    0.5126    0.5811    0.5508    0.5419    0.5021    0.5390
    0.0366    0.0366    0.0375    0.0371    0.0361    0.0407    0.0387    0.0384    0.0352    0.0378
    0.0074    0.0075    0.0072    0.0073    0.0074    0.0069    0.0071    0.0072    0.0073    0.0070
    0.1974    0.1969    0.1897    0.1921    0.1973    0.1748    0.1849    0.1869    0.2003    0.1867

  Columns 281 through 290

    0.5356    0.5208    0.5207    0.5424    0.5120    0.4329    0.5305    0.4977    0.5509    0.5298
    0.0375    0.0365    0.0366    0.0380    0.0360    0.0307    0.0370    0.0347    0.0381    0.0372
    0.0073    0.0072    0.0074    0.0072    0.0072    0.0079    0.0070    0.0077    0.0072    0.0073
    0.1901    0.1933    0.1949    0.1880    0.1964    0.2309    0.1885    0.2048    0.1852    0.1918

  Columns 291 through 300

    0.5110    0.5075    0.5138    0.5063    0.5413    0.5478    0.5223    0.4499    0.5407    0.5386
    0.0361    0.0362    0.0364    0.0360    0.0383    0.0387    0.0365    0.0316    0.0380    0.0374
    0.0075    0.0075    0.0075    0.0075    0.0070    0.0071    0.0075    0.0078    0.0072    0.0072
    0.1989    0.1990    0.1978    0.1985    0.1852    0.1850    0.1939    0.2230    0.1874    0.1875

  Columns 301 through 310

    0.5292    0.5369    0.5205    0.5412    0.5352    0.5203    0.5602    0.4992    0.5344    0.4956
    0.0371    0.0376    0.0363    0.0378    0.0375    0.0368    0.0391    0.0350    0.0378    0.0347
    0.0073    0.0072    0.0074    0.0073    0.0072    0.0074    0.0070    0.0074    0.0072    0.0074
    0.1911    0.1886    0.1951    0.1889    0.1885    0.1945    0.1810    0.2021    0.1889    0.2032

  Columns 311 through 320

    0.5225    0.5276    0.4621    0.5412    0.5104    0.5036    0.5151    0.5429    0.5364    0.5809
    0.0365    0.0371    0.0324    0.0381    0.0363    0.0354    0.0366    0.0385    0.0378    0.0408
    0.0074    0.0073    0.0078    0.0072    0.0075    0.0072    0.0075    0.0070    0.0072    0.0067
    0.1940    0.1918    0.2176    0.1876    0.1976    0.1984    0.1971    0.1852    0.1879    0.1737

  Columns 321 through 330

    0.5221    0.5649    0.5156    0.5236    0.5206    0.5130    0.5695    0.5265    0.5302    0.5550
    0.0366    0.0396    0.0361    0.0371    0.0366    0.0361    0.0397    0.0371    0.0372    0.0389
    0.0074    0.0070    0.0075    0.0074    0.0072    0.0072    0.0070    0.0071    0.0073    0.0071
    0.1945    0.1794    0.1979    0.1936    0.1927    0.1960    0.1785    0.1917    0.1914    0.1832

  Columns 331 through 340

    0.5345    0.5176    0.5461    0.5081    0.5251    0.5225    0.5066    0.5118    0.5197    0.5507
    0.0375    0.0359    0.0385    0.0357    0.0369    0.0367    0.0357    0.0363    0.0365    0.0380
    0.0073    0.0072    0.0071    0.0075    0.0073    0.0073    0.0075    0.0075    0.0074    0.0072
    0.1900    0.1952    0.1860    0.1998    0.1927    0.1934    0.1992    0.1978    0.1946    0.1855

  Columns 341 through 350

    0.5402    0.5074    0.5224    0.5084    0.5459    0.5412    0.4991    0.5355    0.5177    0.5261
    0.0378    0.0357    0.0365    0.0359    0.0378    0.0378    0.0346    0.0379    0.0364    0.0372
    0.0071    0.0074    0.0075    0.0075    0.0072    0.0071    0.0073    0.0074    0.0076    0.0072
    0.1868    0.1991    0.1943    0.1990    0.1869    0.1868    0.2021    0.1899    0.1971    0.1924

  Columns 351 through 360

    0.3577    0.5871    0.5225    0.4986    0.4860    0.5437    0.5115    0.5280    0.5042    0.5454
    0.0254    0.0411    0.0367    0.0351    0.0350    0.0381    0.0362    0.0370    0.0354    0.0383
    0.0089    0.0067    0.0074    0.0077    0.0078    0.0072    0.0075    0.0074    0.0076    0.0070
    0.2777    0.1733    0.1951    0.2038    0.2079    0.1865    0.1985    0.1933    0.2023    0.1846

  Columns 361 through 370

    0.5441    0.4652    0.5210    0.5245    0.5352    0.5215    0.5589    0.5220    0.5505    0.5123
    0.0382    0.0326    0.0369    0.0373    0.0374    0.0367    0.0390    0.0368    0.0387    0.0360
    0.0072    0.0074    0.0072    0.0073    0.0071    0.0073    0.0069    0.0073    0.0072    0.0072
    0.1874    0.2144    0.1928    0.1935    0.1885    0.1935    0.1808    0.1938    0.1843    0.1956

  Columns 371 through 380

    0.5351    0.5513    0.5079    0.5021    0.5474    0.5541    0.5583    0.5590    0.5396    0.5235
    0.0380    0.0383    0.0361    0.0355    0.0382    0.0387    0.0392    0.0396    0.0378    0.0367
    0.0072    0.0072    0.0075    0.0076    0.0070    0.0071    0.0070    0.0070    0.0072    0.0074
    0.1887    0.1859    0.1987    0.2014    0.1843    0.1837    0.1820    0.1810    0.1890    0.1934

  Columns 381 through 390

    0.5249    0.5315    0.5313    0.5057    0.5155    0.5270    0.5211    0.5360    0.5462    0.5079
    0.0367    0.0374    0.0372    0.0355    0.0365    0.0366    0.0369    0.0378    0.0382    0.0360
    0.0075    0.0073    0.0072    0.0076    0.0071    0.0074    0.0075    0.0072    0.0071    0.0077
    0.1944    0.1915    0.1900    0.2008    0.1948    0.1937    0.1948    0.1887    0.1858    0.2003

  Columns 391 through 400

    0.5359    0.5322    0.5139    0.5368    0.5754    0.5223    0.5395    0.5366    0.5298    0.5431
    0.0377    0.0377    0.0360    0.0376    0.0401    0.0365    0.0379    0.0377    0.0371    0.0380
    0.0073    0.0073    0.0076    0.0073    0.0069    0.0074    0.0071    0.0072    0.0073    0.0071
    0.1891    0.1905    0.1992    0.1893    0.1773    0.1946    0.1871    0.1883    0.1916    0.1858

  Columns 401 through 410

    0.5211    0.5333    0.5424    0.5179    0.4996    0.5290    0.5085    0.5390    0.5371    0.5632
    0.0366    0.0369    0.0379    0.0367    0.0357    0.0369    0.0358    0.0378    0.0374    0.0395
    0.0074    0.0073    0.0071    0.0076    0.0076    0.0070    0.0074    0.0072    0.0073    0.0070
    0.1945    0.1912    0.1874    0.1961    0.2025    0.1893    0.1990    0.1881    0.1904    0.1802

  Columns 411 through 420

    0.5115    0.5297    0.5493    0.5298    0.5111    0.5321    0.5448    0.5459    0.5268    0.5227
    0.0362    0.0368    0.0385    0.0369    0.0359    0.0376    0.0384    0.0379    0.0370    0.0366
    0.0075    0.0073    0.0071    0.0073    0.0076    0.0073    0.0070    0.0071    0.0074    0.0074
    0.1974    0.1912    0.1849    0.1921    0.1993    0.1909    0.1848    0.1865    0.1926    0.1947

  Columns 421 through 430

    0.5323    0.5007    0.5224    0.5235    0.5357    0.5145    0.4970    0.4040    0.5274    0.5179
    0.0372    0.0355    0.0358    0.0366    0.0371    0.0362    0.0349    0.0284    0.0370    0.0365
    0.0073    0.0076    0.0073    0.0074    0.0074    0.0075    0.0077    0.0083    0.0073    0.0073
    0.1909    0.2021    0.1944    0.1934    0.1897    0.1974    0.2037    0.2484    0.1919    0.1951

  Columns 431 through 440

    0.5605    0.5855    0.5333    0.5184    0.5562    0.5252    0.5068    0.5282    0.5220    0.5448
    0.0392    0.0409    0.0374    0.0367    0.0392    0.0369    0.0359    0.0365    0.0367    0.0381
    0.0070    0.0068    0.0073    0.0074    0.0070    0.0073    0.0075    0.0073    0.0074    0.0072
    0.1814    0.1737    0.1902    0.1953    0.1822    0.1927    0.1982    0.1920    0.1945    0.1862

  Columns 441 through 450

    0.5303    0.5164    0.5146    0.5281    0.5275    0.5216    0.5297    0.4955    0.5068    0.5235
    0.0371    0.0364    0.0362    0.0372    0.0368    0.0369    0.0375    0.0347    0.0357    0.0371
    0.0074    0.0072    0.0075    0.0073    0.0075    0.0076    0.0073    0.0074    0.0076    0.0074
    0.1911    0.1952    0.1976    0.1911    0.1935    0.1949    0.1920    0.2041    0.1991    0.1932

  Columns 451 through 460

    0.5361    0.5549    0.5093    0.5204    0.5136    0.5705    0.5418    0.5254    0.5358    0.5117
    0.0374    0.0386    0.0361    0.0366    0.0359    0.0402    0.0376    0.0364    0.0379    0.0362
    0.0073    0.0072    0.0075    0.0071    0.0076    0.0069    0.0070    0.0074    0.0072    0.0077
    0.1888    0.1839    0.1995    0.1936    0.1971    0.1769    0.1862    0.1939    0.1898    0.1987

  Columns 461 through 470

    0.5265    0.6170    0.5225    0.5274    0.5376    0.5233    0.5364    0.5199    0.5255    0.5174
    0.0371    0.0432    0.0365    0.0371    0.0379    0.0365    0.0378    0.0362    0.0368    0.0362
    0.0073    0.0066    0.0074    0.0073    0.0072    0.0074    0.0073    0.0076    0.0075    0.0072
    0.1922    0.1653    0.1935    0.1925    0.1886    0.1939    0.1893    0.1958    0.1947    0.1944

  Columns 471 through 480

    0.5627    0.5295    0.5306    0.4704    0.4931    0.5263    0.5040    0.5431    0.5237    0.5592
    0.0392    0.0373    0.0370    0.0335    0.0351    0.0366    0.0359    0.0377    0.0363    0.0392
    0.0070    0.0073    0.0071    0.0075    0.0077    0.0074    0.0075    0.0072    0.0074    0.0071
    0.1809    0.1921    0.1901    0.2123    0.2046    0.1926    0.2001    0.1884    0.1945    0.1814

  Columns 481 through 490

    0.5328    0.5262    0.4900    0.5190    0.5099    0.5208    0.5777    0.5796    0.5205    0.5290
    0.0376    0.0370    0.0343    0.0361    0.0361    0.0366    0.0405    0.0407    0.0368    0.0367
    0.0072    0.0074    0.0075    0.0074    0.0075    0.0074    0.0069    0.0069    0.0074    0.0074
    0.1895    0.1937    0.2061    0.1944    0.1994    0.1945    0.1762    0.1754    0.1955    0.1930

  Columns 491 through 500

    0.5685    0.5045    0.5163    0.5927    0.5300    0.5247    0.5220    0.5146    0.5355    0.5254
    0.0397    0.0358    0.0362    0.0416    0.0376    0.0372    0.0367    0.0363    0.0374    0.0364
    0.0070    0.0076    0.0072    0.0066    0.0072    0.0075    0.0072    0.0075    0.0072    0.0074
    0.1794    0.2005    0.1951    0.1714    0.1907    0.1933    0.1929    0.1972    0.1897    0.1933

  Columns 501 through 510

    0.5343    0.5210    0.5383    0.5601    0.5305    0.5228    0.5206    0.5834    0.5255    0.5169
    0.0374    0.0368    0.0378    0.0389    0.0371    0.0367    0.0364    0.0405    0.0370    0.0364
    0.0073    0.0075    0.0072    0.0071    0.0073    0.0076    0.0074    0.0069    0.0074    0.0074
    0.1905    0.1942    0.1891    0.1822    0.1913    0.1950    0.1953    0.1752    0.1928    0.1957

  Columns 511 through 520

    0.5145    0.5525    0.5744    0.5744    0.5183    0.5327    0.5125    0.5169    0.5255    0.5097
    0.0366    0.0389    0.0403    0.0403    0.0364    0.0373    0.0365    0.0362    0.0371    0.0359
    0.0074    0.0071    0.0070    0.0068    0.0072    0.0073    0.0075    0.0074    0.0071    0.0076
    0.1971    0.1842    0.1782    0.1769    0.1950    0.1902    0.1979    0.1954    0.1918    0.2001

  Columns 521 through 530

    0.5432    0.5204    0.4984    0.5268    0.5232    0.5307    0.5886    0.5159    0.5608    0.5477
    0.0378    0.0367    0.0350    0.0372    0.0369    0.0368    0.0413    0.0364    0.0387    0.0387
    0.0072    0.0074    0.0077    0.0073    0.0074    0.0072    0.0068    0.0071    0.0072    0.0071
    0.1865    0.1951    0.2036    0.1928    0.1938    0.1909    0.1740    0.1950    0.1819    0.1854

  Columns 531 through 540

    0.5475    0.4910    0.5211    0.5230    0.4440    0.5396    0.5513    0.5241    0.5017    0.5356
    0.0387    0.0342    0.0360    0.0370    0.0313    0.0379    0.0388    0.0369    0.0350    0.0374
    0.0071    0.0073    0.0074    0.0074    0.0078    0.0075    0.0070    0.0073    0.0074    0.0073
    0.1851    0.2038    0.1956    0.1940    0.2262    0.1892    0.1833    0.1929    0.2013    0.1893

  Columns 541 through 550

    0.5067    0.5128    0.5294    0.5279    0.5402    0.5253    0.5142    0.5286    0.5274    0.4634
    0.0358    0.0360    0.0370    0.0374    0.0381    0.0372    0.0357    0.0373    0.0368    0.0324
    0.0076    0.0071    0.0073    0.0071    0.0071    0.0075    0.0075    0.0075    0.0074    0.0075
    0.1999    0.1946    0.1915    0.1898    0.1865    0.1936    0.1980    0.1923    0.1933    0.2156

  Columns 551 through 560

    0.5391    0.5139    0.5082    0.5042    0.5217    0.5072    0.5599    0.5470    0.5317    0.5419
    0.0379    0.0362    0.0355    0.0355    0.0366    0.0361    0.0393    0.0388    0.0377    0.0381
    0.0073    0.0075    0.0076    0.0076    0.0074    0.0076    0.0070    0.0071    0.0073    0.0072
    0.1885    0.1971    0.2005    0.2003    0.1940    0.1988    0.1819    0.1860    0.1911    0.1878

  Columns 561 through 570

    0.5384    0.5805    0.5395    0.5268    0.5176    0.5346    0.4493    0.5525    0.5132    0.4500
    0.0375    0.0402    0.0376    0.0371    0.0364    0.0376    0.0316    0.0387    0.0364    0.0316
    0.0071    0.0069    0.0072    0.0074    0.0071    0.0072    0.0078    0.0071    0.0075    0.0078
    0.1885    0.1764    0.1883    0.1939    0.1944    0.1891    0.2230    0.1840    0.1983    0.2229

  Columns 571 through 580

    0.5264    0.5158    0.5253    0.5338    0.5473    0.5485    0.4378    0.5412    0.5538    0.5629
    0.0367    0.0365    0.0367    0.0375    0.0384    0.0388    0.0309    0.0381    0.0386    0.0394
    0.0074    0.0075    0.0074    0.0073    0.0071    0.0071    0.0079    0.0070    0.0071    0.0071
    0.1939    0.1974    0.1943    0.1903    0.1857    0.1846    0.2286    0.1857    0.1844    0.1809

  Columns 581 through 590

    0.5213    0.5026    0.5123    0.4365    0.4868    0.5067    0.5306    0.4833    0.5268    0.5385
    0.0368    0.0358    0.0359    0.0308    0.0345    0.0358    0.0372    0.0340    0.0369    0.0380
    0.0075    0.0077    0.0075    0.0079    0.0075    0.0075    0.0073    0.0074    0.0074    0.0072
    0.1944    0.2010    0.1983    0.2303    0.2057    0.2002    0.1907    0.2069    0.1927    0.1883

  Columns 591 through 600

    0.5312    0.5217    0.5237    0.4926    0.5177    0.5546    0.5310    0.5179    0.5069    0.5395
    0.0374    0.0365    0.0369    0.0347    0.0363    0.0386    0.0371    0.0368    0.0355    0.0375
    0.0073    0.0075    0.0072    0.0077    0.0075    0.0071    0.0074    0.0076    0.0073    0.0073
    0.1908    0.1945    0.1934    0.2058    0.1955    0.1841    0.1911    0.1969    0.1989    0.1879

  Columns 601 through 610

    0.5610    0.5337    0.5246    0.5223    0.5587    0.5120    0.5265    0.5246    0.5612    0.3578
    0.0392    0.0373    0.0363    0.0368    0.0393    0.0361    0.0368    0.0370    0.0392    0.0252
    0.0070    0.0072    0.0074    0.0074    0.0071    0.0076    0.0073    0.0073    0.0070    0.0089
    0.1815    0.1892    0.1934    0.1941    0.1828    0.1995    0.1925    0.1925    0.1814    0.2770

  Columns 611 through 620

    0.5475    0.5497    0.4553    0.5348    0.4980    0.5496    0.5330    0.4938    0.5491    0.5310
    0.0385    0.0384    0.0318    0.0379    0.0346    0.0387    0.0375    0.0348    0.0383    0.0371
    0.0071    0.0071    0.0077    0.0071    0.0073    0.0071    0.0073    0.0074    0.0072    0.0074
    0.1849    0.1845    0.2201    0.1886    0.2013    0.1845    0.1901    0.2034    0.1864    0.1909

  Columns 621 through 630

    0.5215    0.5741    0.5307    0.5193    0.5286    0.5432    0.5490    0.5537    0.4589    0.5407
    0.0365    0.0398    0.0374    0.0366    0.0373    0.0381    0.0385    0.0391    0.0322    0.0379
    0.0074    0.0068    0.0073    0.0074    0.0072    0.0072    0.0072    0.0071    0.0077    0.0071
    0.1943    0.1773    0.1909    0.1954    0.1912    0.1862    0.1854    0.1838    0.2178    0.1865

  Columns 631 through 640

    0.5356    0.5548    0.5326    0.5043    0.5017    0.5845    0.5167    0.5409    0.5199    0.5216
    0.0374    0.0387    0.0374    0.0355    0.0350    0.0409    0.0361    0.0379    0.0365    0.0368
    0.0072    0.0071    0.0076    0.0075    0.0076    0.0068    0.0074    0.0072    0.0072    0.0075
    0.1889    0.1846    0.1913    0.2003    0.2021    0.1741    0.1959    0.1874    0.1932    0.1943

  Columns 641 through 650

    0.5092    0.5248    0.5242    0.5024    0.5191    0.5394    0.4904    0.5330    0.5224    0.4473
    0.0359    0.0368    0.0364    0.0353    0.0364    0.0381    0.0347    0.0371    0.0367    0.0316
    0.0075    0.0074    0.0072    0.0076    0.0075    0.0072    0.0077    0.0073    0.0073    0.0078
    0.1993    0.1933    0.1930    0.2021    0.1947    0.1878    0.2052    0.1908    0.1929    0.2236

  Columns 651 through 660

    0.5367    0.5077    0.5343    0.5230    0.5311    0.5692    0.5412    0.5563    0.5183    0.5096
    0.0380    0.0359    0.0372    0.0371    0.0372    0.0397    0.0377    0.0390    0.0365    0.0360
    0.0072    0.0077    0.0073    0.0073    0.0072    0.0070    0.0071    0.0070    0.0075    0.0075
    0.1895    0.1998    0.1905    0.1927    0.1905    0.1789    0.1864    0.1820    0.1961    0.1992

  Columns 661 through 670

    0.5285    0.5087    0.5454    0.5453    0.5289    0.5316    0.5422    0.5112    0.5345    0.5259
    0.0368    0.0361    0.0379    0.0380    0.0368    0.0375    0.0383    0.0363    0.0378    0.0372
    0.0074    0.0075    0.0072    0.0072    0.0073    0.0073    0.0072    0.0075    0.0070    0.0073
    0.1929    0.1987    0.1874    0.1869    0.1921    0.1915    0.1868    0.1982    0.1878    0.1928

  Columns 671 through 680

    0.5069    0.5266    0.5227    0.5202    0.5434    0.5322    0.5605    0.5339    0.5604    0.5245
    0.0363    0.0369    0.0364    0.0364    0.0379    0.0367    0.0391    0.0375    0.0394    0.0374
    0.0073    0.0073    0.0072    0.0075    0.0072    0.0073    0.0071    0.0073    0.0073    0.0073
    0.1983    0.1924    0.1928    0.1951    0.1866    0.1917    0.1823    0.1897    0.1827    0.1932

  Columns 681 through 690

    0.5195    0.5374    0.4575    0.5566    0.5374    0.5145    0.5135    0.5232    0.5405    0.5183
    0.0361    0.0380    0.0324    0.0389    0.0373    0.0362    0.0359    0.0366    0.0378    0.0367
    0.0074    0.0072    0.0079    0.0070    0.0073    0.0072    0.0073    0.0071    0.0071    0.0073
    0.1957    0.1890    0.2191    0.1825    0.1902    0.1950    0.1958    0.1915    0.1877    0.1942

  Columns 691 through 700

    0.5397    0.5034    0.4657    0.5324    0.5110    0.5630    0.5218    0.5099    0.4929    0.5188
    0.0373    0.0361    0.0329    0.0373    0.0356    0.0394    0.0367    0.0359    0.0347    0.0367
    0.0073    0.0076    0.0076    0.0073    0.0075    0.0070    0.0075    0.0072    0.0075    0.0078
    0.1883    0.1998    0.2150    0.1901    0.1987    0.1805    0.1942    0.1961    0.2026    0.1969

  Columns 701 through 710

    0.5465    0.5428    0.5012    0.5311    0.5127    0.5090    0.5285    0.5917    0.5082    0.5227
    0.0384    0.0379    0.0357    0.0371    0.0360    0.0359    0.0367    0.0413    0.0358    0.0368
    0.0071    0.0072    0.0073    0.0074    0.0074    0.0075    0.0073    0.0069    0.0072    0.0075
    0.1857    0.1874    0.1999    0.1921    0.1973    0.1982    0.1925    0.1723    0.1977    0.1938

  Columns 711 through 720

    0.5281    0.5104    0.5580    0.5032    0.5880    0.5398    0.5047    0.5238    0.5178    0.5203
    0.0373    0.0361    0.0387    0.0350    0.0411    0.0379    0.0354    0.0367    0.0365    0.0364
    0.0072    0.0077    0.0069    0.0073    0.0068    0.0072    0.0070    0.0074    0.0075    0.0075
    0.1912    0.1989    0.1810    0.1994    0.1723    0.1886    0.1980    0.1934    0.1965    0.1952

  Columns 721 through 730

    0.4990    0.5193    0.5439    0.6026    0.5707    0.4976    0.5129    0.5291    0.4574    0.5219
    0.0351    0.0365    0.0379    0.0421    0.0399    0.0352    0.0359    0.0372    0.0318    0.0365
    0.0074    0.0073    0.0072    0.0067    0.0069    0.0073    0.0075    0.0070    0.0077    0.0074
    0.2017    0.1939    0.1875    0.1689    0.1782    0.2012    0.1987    0.1894    0.2188    0.1940

  Columns 731 through 740

    0.5330    0.5601    0.5582    0.5499    0.5097    0.5202    0.5144    0.5134    0.5397    0.5144
    0.0371    0.0392    0.0390    0.0388    0.0357    0.0368    0.0365    0.0360    0.0376    0.0361
    0.0073    0.0070    0.0070    0.0072    0.0072    0.0076    0.0075    0.0072    0.0073    0.0075
    0.1910    0.1818    0.1809    0.1860    0.1975    0.1951    0.1971    0.1956    0.1887    0.1959

  Columns 741 through 750

    0.5285    0.5136    0.5307    0.5499    0.5541    0.5239    0.5506    0.5147    0.5196    0.5275
    0.0369    0.0362    0.0372    0.0386    0.0390    0.0369    0.0383    0.0362    0.0365    0.0368
    0.0073    0.0075    0.0073    0.0070    0.0071    0.0074    0.0071    0.0072    0.0074    0.0074
    0.1913    0.1981    0.1919    0.1837    0.1829    0.1943    0.1849    0.1953    0.1946    0.1932

  Columns 751 through 760

    0.5492    0.5002    0.5562    0.5363    0.5122    0.5411    0.5360    0.5245    0.5388    0.5638
    0.0387    0.0347    0.0392    0.0375    0.0363    0.0378    0.0377    0.0370    0.0378    0.0396
    0.0070    0.0073    0.0073    0.0074    0.0076    0.0072    0.0073    0.0071    0.0070    0.0070
    0.1833    0.2013    0.1834    0.1893    0.1982    0.1877    0.1898    0.1915    0.1870    0.1805

  Columns 761 through 770

    0.5497    0.5388    0.4555    0.5585    0.5555    0.5352    0.4817    0.5239    0.4954    0.5256
    0.0385    0.0376    0.0320    0.0387    0.0392    0.0376    0.0340    0.0370    0.0347    0.0366
    0.0071    0.0073    0.0078    0.0071    0.0070    0.0073    0.0076    0.0073    0.0077    0.0075
    0.1844    0.1890    0.2208    0.1829    0.1824    0.1897    0.2095    0.1931    0.2048    0.1940

  Columns 771 through 780

    0.5295    0.5499    0.5371    0.5413    0.5872    0.5227    0.5480    0.5505    0.5741    0.4914
    0.0372    0.0390    0.0377    0.0382    0.0412    0.0366    0.0382    0.0386    0.0402    0.0345
    0.0074    0.0073    0.0073    0.0072    0.0068    0.0074    0.0071    0.0071    0.0069    0.0077
    0.1920    0.1846    0.1892    0.1864    0.1740    0.1938    0.1852    0.1844    0.1769    0.2065

  Columns 781 through 790

    0.5318    0.5333    0.5349    0.5438    0.4908    0.5317    0.5333    0.5260    0.5589    0.5195
    0.0377    0.0375    0.0374    0.0378    0.0345    0.0376    0.0376    0.0369    0.0394    0.0369
    0.0072    0.0073    0.0073    0.0072    0.0074    0.0075    0.0073    0.0072    0.0070    0.0074
    0.1907    0.1908    0.1905    0.1867    0.2048    0.1914    0.1896    0.1921    0.1811    0.1943

  Columns 791 through 800

    0.5549    0.5409    0.4747    0.5243    0.5517    0.5551    0.5308    0.5507    0.5418    0.5520
    0.0388    0.0375    0.0337    0.0365    0.0380    0.0390    0.0375    0.0384    0.0382    0.0387
    0.0071    0.0073    0.0076    0.0073    0.0071    0.0070    0.0073    0.0072    0.0072    0.0071
    0.1829    0.1893    0.2108    0.1933    0.1851    0.1817    0.1914    0.1860    0.1868    0.1836

  Columns 801 through 810

    0.5342    0.5279    0.5371    0.5336    0.5197    0.5452    0.5267    0.5408    0.5036    0.5229
    0.0376    0.0374    0.0377    0.0375    0.0363    0.0379    0.0370    0.0382    0.0356    0.0370
    0.0073    0.0071    0.0073    0.0073    0.0076    0.0072    0.0074    0.0072    0.0076    0.0073
    0.1897    0.1908    0.1880    0.1908    0.1949    0.1865    0.1934    0.1876    0.2007    0.1942

  Columns 811 through 820

    0.5339    0.5143    0.4952    0.5565    0.5268    0.5531    0.5743    0.5454    0.5204    0.5365
    0.0376    0.0362    0.0347    0.0396    0.0370    0.0389    0.0400    0.0383    0.0367    0.0373
    0.0073    0.0075    0.0077    0.0070    0.0073    0.0071    0.0069    0.0072    0.0074    0.0073
    0.1904    0.1990    0.2055    0.1822    0.1920    0.1839    0.1772    0.1863    0.1954    0.1896

  Columns 821 through 830

    0.5306    0.5195    0.4876    0.4950    0.5543    0.5372    0.5193    0.5624    0.5493    0.5102
    0.0373    0.0364    0.0342    0.0345    0.0389    0.0375    0.0365    0.0395    0.0385    0.0362
    0.0072    0.0075    0.0075    0.0073    0.0071    0.0071    0.0073    0.0068    0.0071    0.0075
    0.1910    0.1961    0.2060    0.2039    0.1832    0.1881    0.1939    0.1798    0.1849    0.1975

  Columns 831 through 840

    0.5413    0.4996    0.5377    0.5298    0.5060    0.5433    0.5256    0.4436    0.5529    0.5021
    0.0374    0.0357    0.0377    0.0373    0.0355    0.0378    0.0369    0.0309    0.0387    0.0352
    0.0072    0.0076    0.0072    0.0073    0.0076    0.0071    0.0074    0.0076    0.0071    0.0073
    0.1879    0.2011    0.1881    0.1910    0.1996    0.1866    0.1934    0.2248    0.1840    0.1993

  Columns 841 through 850

    0.5080    0.5092    0.5198    0.5233    0.5690    0.5519    0.5251    0.4349    0.5360    0.5402
    0.0360    0.0359    0.0368    0.0367    0.0397    0.0386    0.0369    0.0308    0.0380    0.0375
    0.0073    0.0075    0.0074    0.0074    0.0069    0.0070    0.0074    0.0079    0.0072    0.0072
    0.1984    0.1987    0.1946    0.1943    0.1775    0.1828    0.1931    0.2292    0.1886    0.1889

  Columns 851 through 860

    0.5670    0.5410    0.5676    0.5095    0.5521    0.5477    0.5188    0.5325    0.5362    0.5076
    0.0397    0.0379    0.0397    0.0359    0.0389    0.0385    0.0367    0.0373    0.0374    0.0357
    0.0070    0.0072    0.0070    0.0074    0.0071    0.0071    0.0074    0.0072    0.0073    0.0075
    0.1798    0.1877    0.1793    0.1981    0.1843    0.1848    0.1939    0.1901    0.1893    0.1992

  Columns 861 through 870

    0.5438    0.5063    0.5363    0.5311    0.4554    0.5064    0.5147    0.4897    0.5111    0.5178
    0.0380    0.0359    0.0372    0.0371    0.0316    0.0357    0.0361    0.0344    0.0357    0.0367
    0.0072    0.0075    0.0073    0.0074    0.0077    0.0076    0.0075    0.0074    0.0075    0.0074
    0.1867    0.1989    0.1901    0.1925    0.2203    0.1993    0.1976    0.2047    0.1986    0.1945

  Columns 871 through 880

    0.5114    0.5412    0.5362    0.5187    0.5060    0.5693    0.5132    0.5377    0.4944    0.4555
    0.0357    0.0380    0.0375    0.0367    0.0361    0.0393    0.0362    0.0375    0.0348    0.0318
    0.0075    0.0072    0.0071    0.0074    0.0075    0.0070    0.0075    0.0073    0.0074    0.0078
    0.1980    0.1874    0.1882    0.1952    0.1998    0.1794    0.1983    0.1900    0.2031    0.2215

  Columns 881 through 890

    0.4918    0.5772    0.5406    0.5297    0.5829    0.5152    0.5673    0.5246    0.5529    0.5282
    0.0344    0.0404    0.0382    0.0371    0.0408    0.0365    0.0396    0.0368    0.0391    0.0373
    0.0073    0.0069    0.0072    0.0071    0.0068    0.0075    0.0070    0.0076    0.0071    0.0073
    0.2044    0.1765    0.1881    0.1901    0.1744    0.1960    0.1795    0.1940    0.1833    0.1914

  Columns 891 through 900

    0.5566    0.5358    0.5211    0.5396    0.5071    0.5256    0.5369    0.5349    0.5340    0.5363
    0.0385    0.0378    0.0366    0.0378    0.0361    0.0369    0.0377    0.0373    0.0375    0.0375
    0.0071    0.0071    0.0076    0.0073    0.0072    0.0072    0.0072    0.0075    0.0072    0.0073
    0.1837    0.1878    0.1959    0.1891    0.1974    0.1925    0.1884    0.1904    0.1901    0.1897

  Columns 901 through 910

    0.5219    0.5190    0.5304    0.5370    0.5300    0.5546    0.5354    0.5273    0.5050    0.5111
    0.0364    0.0369    0.0373    0.0376    0.0373    0.0388    0.0378    0.0369    0.0355    0.0361
    0.0074    0.0073    0.0073    0.0072    0.0073    0.0071    0.0072    0.0074    0.0076    0.0075
    0.1954    0.1950    0.1917    0.1887    0.1911    0.1834    0.1887    0.1929    0.2010    0.1980

  Columns 911 through 920

    0.5454    0.5583    0.5168    0.5409    0.4818    0.5149    0.5506    0.5513    0.5244    0.5763
    0.0385    0.0392    0.0361    0.0377    0.0337    0.0359    0.0388    0.0388    0.0367    0.0404
    0.0072    0.0070    0.0075    0.0073    0.0076    0.0075    0.0071    0.0071    0.0072    0.0070
    0.1863    0.1813    0.1968    0.1886    0.2091    0.1971    0.1840    0.1842    0.1916    0.1772

  Columns 921 through 930

    0.5238    0.5120    0.5392    0.5223    0.5569    0.5232    0.5438    0.5250    0.5146    0.5345
    0.0369    0.0362    0.0380    0.0366    0.0389    0.0368    0.0381    0.0367    0.0365    0.0376
    0.0075    0.0075    0.0072    0.0074    0.0071    0.0076    0.0072    0.0074    0.0074    0.0073
    0.1935    0.1983    0.1891    0.1942    0.1835    0.1942    0.1867    0.1927    0.1954    0.1903

  Columns 931 through 940

    0.5314    0.5120    0.5175    0.5311    0.5221    0.4780    0.5199    0.5112    0.5365    0.5246
    0.0375    0.0362    0.0360    0.0372    0.0371    0.0338    0.0363    0.0360    0.0378    0.0371
    0.0072    0.0075    0.0072    0.0073    0.0074    0.0076    0.0072    0.0075    0.0072    0.0073
    0.1898    0.1991    0.1944    0.1910    0.1938    0.2100    0.1938    0.1988    0.1876    0.1928

  Columns 941 through 950

    0.5259    0.5534    0.5096    0.5228    0.5504    0.5517    0.5513    0.5014    0.5326    0.5618
    0.0370    0.0392    0.0360    0.0371    0.0386    0.0388    0.0387    0.0356    0.0380    0.0398
    0.0074    0.0070    0.0075    0.0072    0.0071    0.0071    0.0071    0.0076    0.0073    0.0070
    0.1931    0.1828    0.1980    0.1927    0.1845    0.1844    0.1844    0.2026    0.1905    0.1801

  Columns 951 through 960

    0.4388    0.5562    0.5234    0.5112    0.5468    0.5297    0.5389    0.5183    0.5182    0.5241
    0.0312    0.0393    0.0369    0.0360    0.0386    0.0374    0.0379    0.0357    0.0362    0.0364
    0.0079    0.0070    0.0072    0.0075    0.0071    0.0073    0.0072    0.0074    0.0074    0.0074
    0.2269    0.1823    0.1921    0.1986    0.1853    0.1912    0.1884    0.1964    0.1955    0.1937

  Columns 961 through 970

    0.5283    0.4437    0.5456    0.4994    0.5471    0.5668    0.5442    0.5147    0.5306    0.5545
    0.0371    0.0315    0.0378    0.0357    0.0384    0.0394    0.0378    0.0366    0.0374    0.0393
    0.0072    0.0079    0.0072    0.0076    0.0071    0.0070    0.0072    0.0074    0.0073    0.0071
    0.1905    0.2262    0.1862    0.2015    0.1856    0.1796    0.1869    0.1961    0.1911    0.1837

  Columns 971 through 980

    0.5278    0.5488    0.5209    0.5196    0.5056    0.5240    0.5244    0.5074    0.5067    0.5330
    0.0371    0.0387    0.0362    0.0367    0.0356    0.0363    0.0372    0.0358    0.0359    0.0372
    0.0072    0.0072    0.0074    0.0074    0.0075    0.0074    0.0073    0.0077    0.0077    0.0073
    0.1908    0.1848    0.1947    0.1953    0.1994    0.1947    0.1927    0.2000    0.2003    0.1907

  Columns 981 through 990

    0.5276    0.5589    0.5261    0.5291    0.5588    0.5128    0.5536    0.5052    0.5564    0.5428
    0.0370    0.0386    0.0371    0.0370    0.0388    0.0362    0.0387    0.0356    0.0389    0.0383
    0.0070    0.0071    0.0073    0.0073    0.0071    0.0071    0.0070    0.0076    0.0071    0.0072
    0.1898    0.1830    0.1927    0.1921    0.1825    0.1957    0.1828    0.2007    0.1830    0.1871

  Columns 991 through 1000

    0.5354    0.5093    0.5180    0.4491    0.5284    0.5691    0.5127    0.5335    0.5228    0.5045
    0.0379    0.0356    0.0367    0.0316    0.0372    0.0399    0.0358    0.0378    0.0366    0.0354
    0.0070    0.0073    0.0074    0.0078    0.0073    0.0070    0.0075    0.0073    0.0074    0.0076
    0.1871    0.1976    0.1949    0.2230    0.1928    0.1799    0.1988    0.1899    0.1939    0.2012

With confidence of .95, a10 lies within 0.5254 < 0.5270 < 0.5286 with an error of 5.4034%
With confidence of .95, a12 lies within 0.0369 < 0.0370 < 0.0371 with an error of 1.3282%
With confidence of .95, a21 lies within 0.0073 < 0.0073 < 0.0073 with an error of 2.5554%
With confidence of .95, a20 lies within 0.1921 < 0.1927 < 0.1933 with an error of 3.6403%


95% Confidence intervals for the parameters:
a10 : Exact is 0.5000 	  (0.5023, 0.5141) 
a12 :  Exact is 0.0500 	 (0.0503, 0.0514) 
a21 :  Exact is 0.0100 	  (0.0099, 0.0100) 
a20 :  Exact is 0.2000 	  (0.1946, 0.1985) 














N=600
thetahat =

  Columns 1 through 10

    0.5047    0.5109    0.5113    0.5115    0.5047    0.5142    0.5038    0.5030    0.5050    0.5066
    0.0038    0.0038    0.0038    0.0038    0.0038    0.0038    0.0038    0.0037    0.0038    0.0038
    0.0008    0.0007    0.0007    0.0007    0.0008    0.0007    0.0008    0.0008    0.0008    0.0007
    0.1988    0.1965    0.1962    0.1963    0.1990    0.1954    0.1992    0.1995    0.1987    0.1981

  Columns 11 through 20

    0.5124    0.5063    0.5119    0.5041    0.5021    0.5121    0.5138    0.5135    0.5139    0.5084
    0.0038    0.0038    0.0038    0.0038    0.0037    0.0038    0.0038    0.0038    0.0038    0.0038
    0.0007    0.0007    0.0007    0.0008    0.0008    0.0007    0.0007    0.0007    0.0007    0.0007
    0.1957    0.1983    0.1961    0.1991    0.1998    0.1962    0.1951    0.1956    0.1954    0.1974

  Columns 21 through 30

    0.5067    0.5114    0.5043    0.5047    0.4997    0.5024    0.5127    0.5050    0.5087    0.5049
    0.0038    0.0038    0.0038    0.0038    0.0037    0.0037    0.0038    0.0038    0.0038    0.0038
    0.0007    0.0007    0.0008    0.0008    0.0007    0.0008    0.0007    0.0008    0.0007    0.0008
    0.1980    0.1963    0.1989    0.1988    0.2001    0.1996    0.1959    0.1987    0.1972    0.1986

  Columns 31 through 40

    0.5040    0.5067    0.5081    0.5058    0.5060    0.5049    0.5014    0.5102    0.5083    0.5085
    0.0038    0.0038    0.0038    0.0038    0.0038    0.0038    0.0037    0.0038    0.0038    0.0038
    0.0008    0.0007    0.0007    0.0008    0.0008    0.0008    0.0008    0.0007    0.0007    0.0007
    0.1991    0.1981    0.1974    0.1985    0.1984    0.1988    0.2000    0.1967    0.1976    0.1974

  Columns 41 through 50

    0.5073    0.5018    0.5034    0.5059    0.5007    0.5091    0.5036    0.5022    0.4988    0.5081
    0.0038    0.0037    0.0037    0.0038    0.0037    0.0038    0.0038    0.0037    0.0037    0.0038
    0.0007    0.0008    0.0008    0.0007    0.0008    0.0007    0.0008    0.0008    0.0007    0.0007
    0.1979    0.1999    0.1994    0.1982    0.2004    0.1972    0.1993    0.1999    0.2005    0.1975

  Columns 51 through 60

    0.5116    0.5086    0.5001    0.5035    0.5036    0.5030    0.5034    0.5003    0.4801    0.5028
    0.0038    0.0038    0.0037    0.0038    0.0038    0.0037    0.0037    0.0037    0.0036    0.0037
    0.0007    0.0007    0.0008    0.0008    0.0008    0.0008    0.0008    0.0008    0.0008    0.0008
    0.1962    0.1974    0.2005    0.1993    0.1992    0.1994    0.1993    0.2004    0.2080    0.1997

  Columns 61 through 70

    0.5137    0.5109    0.5040    0.5039    0.5111    0.5108    0.5071    0.5028    0.5091    0.5009
    0.0038    0.0038    0.0038    0.0038    0.0038    0.0038    0.0038    0.0037    0.0038    0.0037
    0.0007    0.0007    0.0008    0.0008    0.0007    0.0007    0.0007    0.0008    0.0007    0.0008
    0.1955    0.1965    0.1990    0.1991    0.1964    0.1966    0.1979    0.1996    0.1972    0.2002

  Columns 71 through 80

    0.5119    0.5008    0.5041    0.5026    0.5088    0.5144    0.5056    0.4993    0.5059    0.5065
    0.0038    0.0037    0.0038    0.0037    0.0038    0.0038    0.0038    0.0037    0.0038    0.0038
    0.0007    0.0007    0.0008    0.0008    0.0007    0.0007    0.0007    0.0007    0.0008    0.0007
    0.1962    0.1996    0.1990    0.1994    0.1973    0.1953    0.1984    0.2003    0.1984    0.1982

  Columns 81 through 90

    0.5019    0.5033    0.5030    0.5104    0.5067    0.5097    0.5033    0.5143    0.5007    0.5097
    0.0037    0.0038    0.0037    0.0038    0.0038    0.0038    0.0037    0.0038    0.0037    0.0038
    0.0008    0.0008    0.0008    0.0007    0.0007    0.0007    0.0008    0.0007    0.0008    0.0007
    0.1999    0.1994    0.1995    0.1966    0.1981    0.1969    0.1994    0.1950    0.2004    0.1971

  Columns 91 through 100

    0.5171    0.5084    0.5078    0.5039    0.5079    0.5056    0.5097    0.5043    0.5063    0.5052
    0.0039    0.0038    0.0038    0.0038    0.0038    0.0038    0.0038    0.0038    0.0038    0.0038
    0.0007    0.0007    0.0007    0.0008    0.0007    0.0007    0.0007    0.0007    0.0007    0.0007
    0.1943    0.1974    0.1977    0.1991    0.1976    0.1985    0.1970    0.1988    0.1983    0.1986

  Columns 101 through 110

    0.5022    0.5060    0.5013    0.5070    0.5020    0.5023    0.5060    0.4951    0.5021    0.4997
    0.0037    0.0038    0.0037    0.0038    0.0037    0.0037    0.0038    0.0037    0.0037    0.0037
    0.0008    0.0008    0.0008    0.0007    0.0008    0.0008    0.0007    0.0008    0.0008    0.0008
    0.1996    0.1983    0.2001    0.1978    0.1999    0.1998    0.1984    0.2020    0.1997    0.2007

  Columns 111 through 120

    0.5069    0.5027    0.5101    0.5085    0.5113    0.5002    0.5086    0.5176    0.5121    0.5070
    0.0038    0.0037    0.0038    0.0038    0.0038    0.0037    0.0038    0.0039    0.0038    0.0038
    0.0007    0.0008    0.0007    0.0007    0.0007    0.0008    0.0007    0.0007    0.0007    0.0007
    0.1980    0.1996    0.1969    0.1974    0.1963    0.2005    0.1974    0.1941    0.1959    0.1980

  Columns 121 through 130

    0.5095    0.5053    0.5085    0.5061    0.5060    0.5144    0.5019    0.5037    0.5074    0.5114
    0.0038    0.0038    0.0038    0.0038    0.0038    0.0038    0.0037    0.0038    0.0038    0.0038
    0.0007    0.0008    0.0007    0.0007    0.0007    0.0007    0.0008    0.0008    0.0007    0.0007
    0.1971    0.1986    0.1973    0.1983    0.1985    0.1953    0.2000    0.1993    0.1978    0.1964

  Columns 131 through 140

    0.5039    0.5106    0.5056    0.5088    0.4929    0.5023    0.5070    0.5066    0.5029    0.5095
    0.0038    0.0038    0.0038    0.0038    0.0037    0.0037    0.0038    0.0038    0.0037    0.0038
    0.0008    0.0007    0.0007    0.0007    0.0008    0.0008    0.0007    0.0007    0.0008    0.0007
    0.1992    0.1964    0.1983    0.1972    0.2030    0.1998    0.1979    0.1981    0.1994    0.1971

  Columns 141 through 150

    0.5100    0.5091    0.5016    0.5049    0.5017    0.5096    0.5087    0.5114    0.5051    0.5031
    0.0038    0.0038    0.0037    0.0038    0.0037    0.0038    0.0038    0.0038    0.0038    0.0037
    0.0007    0.0007    0.0008    0.0008    0.0007    0.0007    0.0007    0.0007    0.0008    0.0008
    0.1969    0.1973    0.1999    0.1987    0.1994    0.1970    0.1974    0.1962    0.1987    0.1995

  Columns 151 through 160

    0.5037    0.5083    0.5109    0.5173    0.5118    0.5047    0.5060    0.4970    0.5012    0.5047
    0.0037    0.0038    0.0038    0.0039    0.0038    0.0038    0.0038    0.0037    0.0037    0.0038
    0.0008    0.0008    0.0007    0.0007    0.0007    0.0008    0.0007    0.0007    0.0007    0.0008
    0.1992    0.1976    0.1965    0.1941    0.1962    0.1989    0.1983    0.2012    0.1995    0.1989

  Columns 161 through 170

    0.5065    0.5019    0.5066    0.5127    0.5110    0.5102    0.5062    0.5057    0.5036    0.5081
    0.0038    0.0037    0.0038    0.0038    0.0038    0.0038    0.0038    0.0038    0.0038    0.0038
    0.0007    0.0008    0.0007    0.0007    0.0007    0.0007    0.0007    0.0007    0.0008    0.0007
    0.1982    0.1998    0.1981    0.1956    0.1965    0.1968    0.1982    0.1985    0.1992    0.1976

  Columns 171 through 180

    0.5059    0.5083    0.5037    0.5062    0.5037    0.5079    0.5030    0.5108    0.5068    0.5035
    0.0038    0.0038    0.0038    0.0038    0.0038    0.0038    0.0038    0.0038    0.0038    0.0037
    0.0007    0.0007    0.0008    0.0007    0.0008    0.0007    0.0008    0.0007    0.0007    0.0008
    0.1983    0.1975    0.1991    0.1984    0.1992    0.1977    0.1994    0.1966    0.1981    0.1992

  Columns 181 through 190

    0.5023    0.5043    0.5053    0.5052    0.5076    0.5166    0.5164    0.5072    0.5025    0.5095
    0.0037    0.0038    0.0038    0.0038    0.0038    0.0039    0.0039    0.0038    0.0037    0.0038
    0.0008    0.0008    0.0008    0.0008    0.0007    0.0007    0.0007    0.0007    0.0008    0.0007
    0.1998    0.1990    0.1986    0.1987    0.1977    0.1944    0.1945    0.1980    0.1997    0.1971

  Columns 191 through 200

    0.5006    0.5080    0.5038    0.5034    0.5020    0.4937    0.5117    0.5052    0.5120    0.5062
    0.0037    0.0038    0.0038    0.0038    0.0037    0.0037    0.0038    0.0038    0.0038    0.0038
    0.0007    0.0007    0.0008    0.0008    0.0008    0.0008    0.0007    0.0007    0.0007    0.0007
    0.1997    0.1976    0.1991    0.1994    0.1998    0.2025    0.1963    0.1986    0.1961    0.1983

  Columns 201 through 210

    0.5052    0.5117    0.5028    0.5083    0.5093    0.5200    0.5089    0.5061    0.5030    0.5041
    0.0038    0.0038    0.0037    0.0038    0.0038    0.0039    0.0038    0.0038    0.0037    0.0038
    0.0007    0.0007    0.0008    0.0007    0.0007    0.0007    0.0007    0.0007    0.0008    0.0008
    0.1985    0.1961    0.1996    0.1976    0.1970    0.1931    0.1972    0.1983    0.1994    0.1990

  Columns 211 through 220

    0.5069    0.5076    0.5073    0.5008    0.5035    0.5124    0.5092    0.5046    0.5042    0.5060
    0.0038    0.0038    0.0038    0.0037    0.0038    0.0038    0.0038    0.0038    0.0038    0.0038
    0.0007    0.0007    0.0007    0.0007    0.0008    0.0007    0.0007    0.0008    0.0008    0.0008
    0.1980    0.1976    0.1979    0.1996    0.1992    0.1961    0.1971    0.1990    0.1990    0.1984

  Columns 221 through 230

    0.5046    0.5042    0.5067    0.5101    0.5091    0.5173    0.5046    0.5041    0.4866    0.5123
    0.0038    0.0038    0.0038    0.0038    0.0038    0.0039    0.0038    0.0038    0.0036    0.0038
    0.0007    0.0008    0.0007    0.0007    0.0007    0.0007    0.0008    0.0008    0.0008    0.0007
    0.1989    0.1991    0.1981    0.1968    0.1972    0.1942    0.1988    0.1990    0.2052    0.1960

  Columns 231 through 240

    0.5070    0.5122    0.5095    0.5091    0.5050    0.5090    0.5023    0.5055    0.5103    0.5080
    0.0038    0.0038    0.0038    0.0038    0.0038    0.0038    0.0037    0.0038    0.0038    0.0038
    0.0007    0.0007    0.0007    0.0007    0.0007    0.0007    0.0008    0.0008    0.0007    0.0007
    0.1980    0.1962    0.1971    0.1972    0.1987    0.1973    0.1996    0.1984    0.1967    0.1976

  Columns 241 through 250

    0.5115    0.5029    0.5129    0.5092    0.5091    0.5019    0.5089    0.5094    0.5163    0.5033
    0.0038    0.0037    0.0038    0.0038    0.0038    0.0037    0.0038    0.0038    0.0039    0.0038
    0.0007    0.0008    0.0007    0.0007    0.0007    0.0008    0.0007    0.0007    0.0007    0.0008
    0.1963    0.1995    0.1957    0.1972    0.1971    0.1997    0.1973    0.1971    0.1944    0.1993

  Columns 251 through 260

    0.5141    0.5121    0.5042    0.5107    0.5044    0.5046    0.5002    0.5104    0.4993    0.5068
    0.0038    0.0038    0.0038    0.0038    0.0038    0.0038    0.0037    0.0038    0.0037    0.0038
    0.0007    0.0007    0.0008    0.0007    0.0007    0.0007    0.0008    0.0007    0.0008    0.0007
    0.1952    0.1960    0.1991    0.1967    0.1989    0.1988    0.2005    0.1968    0.2009    0.1980

  Columns 261 through 270

    0.5012    0.5142    0.5016    0.5026    0.5144    0.5105    0.5038    0.5115    0.5125    0.5042
    0.0037    0.0038    0.0037    0.0037    0.0038    0.0038    0.0038    0.0038    0.0038    0.0038
    0.0007    0.0007    0.0007    0.0007    0.0007    0.0007    0.0008    0.0007    0.0007    0.0008
    0.1996    0.1953    0.1995    0.1990    0.1952    0.1966    0.1991    0.1963    0.1959    0.1990

  Columns 271 through 280

    0.5062    0.5074    0.5003    0.5065    0.5116    0.5073    0.5046    0.5033    0.5116    0.5109
    0.0038    0.0038    0.0037    0.0038    0.0038    0.0038    0.0038    0.0038    0.0038    0.0038
    0.0007    0.0007    0.0008    0.0007    0.0007    0.0007    0.0008    0.0008    0.0007    0.0007
    0.1982    0.1977    0.2006    0.1982    0.1963    0.1979    0.1989    0.1993    0.1962    0.1964

  Columns 281 through 290

    0.5051    0.5041    0.5080    0.5101    0.5126    0.5051    0.5090    0.5029    0.5030    0.5121
    0.0038    0.0038    0.0038    0.0038    0.0038    0.0038    0.0038    0.0037    0.0037    0.0038
    0.0008    0.0008    0.0007    0.0007    0.0007    0.0008    0.0007    0.0007    0.0008    0.0007
    0.1987    0.1989    0.1976    0.1969    0.1958    0.1987    0.1971    0.1990    0.1997    0.1961

  Columns 291 through 300

    0.4883    0.5157    0.5150    0.5073    0.5168    0.5060    0.5095    0.5147    0.5067    0.5098
    0.0036    0.0038    0.0038    0.0038    0.0038    0.0038    0.0038    0.0038    0.0038    0.0038
    0.0008    0.0007    0.0007    0.0007    0.0007    0.0008    0.0007    0.0007    0.0007    0.0007
    0.2047    0.1948    0.1951    0.1979    0.1941    0.1984    0.1968    0.1951    0.1982    0.1970

  Columns 301 through 310

    0.4959    0.5148    0.5033    0.4920    0.5066    0.5159    0.5104    0.5108    0.5055    0.5086
    0.0037    0.0038    0.0037    0.0037    0.0038    0.0038    0.0038    0.0038    0.0038    0.0038
    0.0008    0.0007    0.0008    0.0008    0.0007    0.0007    0.0007    0.0007    0.0008    0.0007
    0.2016    0.1950    0.1994    0.2031    0.1981    0.1947    0.1967    0.1965    0.1985    0.1973

  Columns 311 through 320

    0.5118    0.5100    0.5142    0.5074    0.5057    0.5032    0.5090    0.5124    0.5044    0.5116
    0.0038    0.0038    0.0038    0.0038    0.0038    0.0038    0.0038    0.0038    0.0038    0.0038
    0.0007    0.0007    0.0007    0.0007    0.0007    0.0008    0.0007    0.0007    0.0007    0.0007
    0.1961    0.1967    0.1954    0.1978    0.1984    0.1994    0.1971    0.1960    0.1989    0.1961

  Columns 321 through 330

    0.5084    0.5075    0.5052    0.5097    0.5012    0.5068    0.5063    0.5032    0.5008    0.5088
    0.0038    0.0038    0.0038    0.0038    0.0037    0.0038    0.0038    0.0037    0.0037    0.0038
    0.0007    0.0007    0.0008    0.0007    0.0008    0.0007    0.0007    0.0008    0.0008    0.0007
    0.1974    0.1978    0.1986    0.1971    0.2002    0.1980    0.1980    0.1994    0.2003    0.1973

  Columns 331 through 340

    0.5042    0.5087    0.5077    0.5020    0.5038    0.5074    0.5088    0.5055    0.5161    0.5043
    0.0038    0.0038    0.0038    0.0037    0.0038    0.0038    0.0038    0.0038    0.0039    0.0038
    0.0008    0.0007    0.0007    0.0008    0.0008    0.0007    0.0007    0.0008    0.0007    0.0008
    0.1990    0.1974    0.1978    0.1998    0.1992    0.1978    0.1972    0.1985    0.1946    0.1990

  Columns 341 through 350

    0.5018    0.5041    0.5067    0.5054    0.5032    0.5110    0.5034    0.5069    0.5029    0.5026
    0.0037    0.0038    0.0038    0.0038    0.0037    0.0038    0.0038    0.0038    0.0037    0.0037
    0.0008    0.0008    0.0007    0.0008    0.0008    0.0007    0.0008    0.0007    0.0008    0.0008
    0.2000    0.1991    0.1980    0.1986    0.1994    0.1964    0.1992    0.1979    0.1995    0.1997

  Columns 351 through 360

    0.5046    0.5102    0.5108    0.5110    0.5083    0.5129    0.5055    0.5142    0.5018    0.5045
    0.0038    0.0038    0.0038    0.0038    0.0038    0.0038    0.0038    0.0038    0.0037    0.0038
    0.0007    0.0007    0.0007    0.0007    0.0007    0.0007    0.0008    0.0007    0.0008    0.0008
    0.1988    0.1968    0.1966    0.1966    0.1976    0.1959    0.1986    0.1953    0.2000    0.1990

  Columns 361 through 370

    0.5084    0.5157    0.5068    0.5179    0.5132    0.5084    0.5130    0.5022    0.5043    0.5043
    0.0038    0.0038    0.0038    0.0039    0.0038    0.0038    0.0038    0.0037    0.0038    0.0038
    0.0007    0.0007    0.0007    0.0007    0.0007    0.0007    0.0007    0.0008    0.0008    0.0008
    0.1975    0.1947    0.1979    0.1940    0.1956    0.1974    0.1958    0.1998    0.1989    0.1991

  Columns 371 through 380

    0.5099    0.5106    0.5096    0.5047    0.5134    0.5127    0.5121    0.5052    0.5138    0.5027
    0.0038    0.0038    0.0038    0.0038    0.0038    0.0038    0.0038    0.0038    0.0038    0.0037
    0.0007    0.0007    0.0007    0.0007    0.0007    0.0007    0.0007    0.0008    0.0007    0.0008
    0.1969    0.1966    0.1970    0.1988    0.1957    0.1958    0.1961    0.1986    0.1952    0.1995

  Columns 381 through 390

    0.5133    0.5059    0.5034    0.5088    0.5100    0.5079    0.5040    0.5072    0.5028    0.5018
    0.0038    0.0038    0.0038    0.0038    0.0038    0.0038    0.0038    0.0038    0.0037    0.0037
    0.0007    0.0008    0.0008    0.0007    0.0007    0.0007    0.0008    0.0007    0.0008    0.0007
    0.1957    0.1985    0.1993    0.1973    0.1968    0.1977    0.1992    0.1979    0.1996    0.1993

  Columns 391 through 400

    0.5119    0.5106    0.5086    0.5077    0.5101    0.5035    0.5037    0.5116    0.5033    0.5084
    0.0038    0.0038    0.0038    0.0038    0.0038    0.0038    0.0038    0.0038    0.0037    0.0038
    0.0007    0.0007    0.0007    0.0007    0.0007    0.0008    0.0008    0.0007    0.0008    0.0007
    0.1962    0.1966    0.1974    0.1976    0.1968    0.1992    0.1990    0.1963    0.1994    0.1974

  Columns 401 through 410

    0.5115    0.5096    0.5025    0.5003    0.5169    0.5088    0.5102    0.5096    0.4982    0.5047
    0.0038    0.0038    0.0037    0.0037    0.0039    0.0038    0.0038    0.0038    0.0037    0.0038
    0.0007    0.0007    0.0007    0.0007    0.0007    0.0007    0.0007    0.0007    0.0008    0.0008
    0.1963    0.1971    0.1991    0.1999    0.1944    0.1973    0.1968    0.1970    0.2014    0.1986

  Columns 411 through 420

    0.5139    0.5117    0.5027    0.5046    0.5017    0.5102    0.4970    0.5143    0.5085    0.5024
    0.0038    0.0038    0.0037    0.0038    0.0037    0.0038    0.0037    0.0038    0.0038    0.0037
    0.0007    0.0007    0.0008    0.0007    0.0007    0.0007    0.0008    0.0007    0.0007    0.0008
    0.1954    0.1963    0.1998    0.1989    0.1995    0.1967    0.2015    0.1953    0.1974    0.1997

  Columns 421 through 430

    0.5102    0.5019    0.5118    0.5097    0.5069    0.5074    0.5074    0.5060    0.5113    0.5052
    0.0038    0.0037    0.0038    0.0038    0.0038    0.0038    0.0038    0.0038    0.0038    0.0038
    0.0007    0.0008    0.0007    0.0007    0.0007    0.0007    0.0007    0.0007    0.0007    0.0007
    0.1968    0.2000    0.1962    0.1970    0.1980    0.1978    0.1977    0.1982    0.1964    0.1986

  Columns 431 through 440

    0.5036    0.5052    0.5151    0.5081    0.5102    0.5138    0.5052    0.5057    0.5070    0.5046
    0.0038    0.0038    0.0038    0.0038    0.0038    0.0038    0.0038    0.0038    0.0038    0.0038
    0.0008    0.0008    0.0007    0.0007    0.0007    0.0007    0.0008    0.0007    0.0007    0.0007
    0.1993    0.1987    0.1950    0.1976    0.1967    0.1953    0.1986    0.1984    0.1980    0.1988

  Columns 441 through 450

    0.5023    0.5187    0.5075    0.5030    0.5093    0.5145    0.5017    0.5029    0.5102    0.5085
    0.0037    0.0039    0.0038    0.0037    0.0038    0.0038    0.0037    0.0038    0.0038    0.0038
    0.0007    0.0007    0.0007    0.0008    0.0007    0.0007    0.0008    0.0008    0.0007    0.0007
    0.1991    0.1936    0.1979    0.1995    0.1971    0.1950    0.1999    0.1994    0.1967    0.1974

  Columns 451 through 460

    0.5075    0.5173    0.5105    0.5034    0.5105    0.5045    0.4992    0.5091    0.5105    0.5037
    0.0038    0.0039    0.0038    0.0037    0.0038    0.0038    0.0037    0.0038    0.0038    0.0038
    0.0007    0.0007    0.0007    0.0008    0.0007    0.0008    0.0008    0.0007    0.0007    0.0008
    0.1978    0.1942    0.1965    0.1993    0.1966    0.1989    0.2010    0.1973    0.1966    0.1993

  Columns 461 through 470

    0.5034    0.5019    0.4992    0.5037    0.5069    0.5115    0.5058    0.5144    0.5058    0.5011
    0.0037    0.0037    0.0037    0.0037    0.0038    0.0038    0.0038    0.0038    0.0038    0.0037
    0.0008    0.0008    0.0008    0.0008    0.0007    0.0007    0.0008    0.0007    0.0008    0.0007
    0.1992    0.2001    0.2010    0.1992    0.1979    0.1962    0.1985    0.1952    0.1985    0.1997

  Columns 471 through 480

    0.5073    0.5065    0.5051    0.5027    0.5058    0.5077    0.5079    0.5162    0.5102    0.5095
    0.0038    0.0038    0.0038    0.0037    0.0038    0.0038    0.0038    0.0038    0.0038    0.0038
    0.0007    0.0007    0.0008    0.0008    0.0008    0.0007    0.0007    0.0007    0.0007    0.0007
    0.1978    0.1982    0.1987    0.1996    0.1985    0.1976    0.1976    0.1945    0.1968    0.1971

  Columns 481 through 490

    0.5066    0.5097    0.5098    0.5116    0.5134    0.5049    0.5090    0.5119    0.5097    0.5097
    0.0038    0.0038    0.0038    0.0038    0.0038    0.0038    0.0038    0.0038    0.0038    0.0038
    0.0007    0.0007    0.0007    0.0007    0.0007    0.0008    0.0007    0.0007    0.0007    0.0007
    0.1981    0.1969    0.1967    0.1962    0.1956    0.1988    0.1972    0.1961    0.1969    0.1970

  Columns 491 through 500

    0.5106    0.5037    0.5108    0.5044    0.5024    0.5048    0.5059    0.5128    0.5006    0.5060
    0.0038    0.0038    0.0038    0.0038    0.0037    0.0038    0.0038    0.0038    0.0037    0.0038
    0.0007    0.0008    0.0007    0.0008    0.0007    0.0008    0.0007    0.0007    0.0007    0.0007
    0.1966    0.1991    0.1965    0.1989    0.1991    0.1989    0.1983    0.1959    0.1998    0.1983

  Columns 501 through 510

    0.5024    0.5026    0.4997    0.5078    0.5075    0.4905    0.5078    0.5075    0.5166    0.5157
    0.0037    0.0037    0.0037    0.0038    0.0038    0.0037    0.0038    0.0038    0.0039    0.0038
    0.0007    0.0008    0.0007    0.0007    0.0007    0.0008    0.0007    0.0007    0.0007    0.0007
    0.1991    0.1996    0.2002    0.1977    0.1978    0.2043    0.1976    0.1977    0.1944    0.1947

  Columns 511 through 520

    0.5036    0.4640    0.5135    0.5048    0.5160    0.5048    0.5134    0.5079    0.5055    0.5104
    0.0037    0.0035    0.0038    0.0038    0.0038    0.0038    0.0038    0.0038    0.0038    0.0038
    0.0008    0.0008    0.0007    0.0008    0.0007    0.0008    0.0007    0.0007    0.0008    0.0007
    0.1991    0.2146    0.1956    0.1989    0.1943    0.1988    0.1957    0.1976    0.1985    0.1967

  Columns 521 through 530

    0.5053    0.5116    0.5095    0.5064    0.5030    0.5069    0.5026    0.5034    0.5047    0.5097
    0.0038    0.0038    0.0038    0.0038    0.0037    0.0038    0.0037    0.0037    0.0038    0.0038
    0.0008    0.0007    0.0007    0.0007    0.0008    0.0007    0.0008    0.0008    0.0008    0.0007
    0.1986    0.1963    0.1971    0.1983    0.1995    0.1980    0.1995    0.1994    0.1988    0.1967

  Columns 531 through 540

    0.5060    0.5054    0.5052    0.5040    0.5096    0.5016    0.5077    0.5135    0.5001    0.5040
    0.0038    0.0038    0.0038    0.0038    0.0038    0.0037    0.0038    0.0038    0.0037    0.0038
    0.0007    0.0008    0.0007    0.0008    0.0007    0.0008    0.0007    0.0007    0.0008    0.0008
    0.1983    0.1986    0.1986    0.1991    0.1969    0.2000    0.1978    0.1955    0.2005    0.1991

  Columns 541 through 550

    0.5041    0.5049    0.5102    0.4979    0.5125    0.5024    0.5148    0.5070    0.5047    0.5125
    0.0038    0.0038    0.0038    0.0037    0.0038    0.0037    0.0038    0.0038    0.0038    0.0038
    0.0008    0.0008    0.0007    0.0008    0.0007    0.0008    0.0007    0.0007    0.0008    0.0007
    0.1990    0.1987    0.1969    0.2015    0.1959    0.1998    0.1952    0.1979    0.1986    0.1960

  Columns 551 through 560

    0.5084    0.5085    0.5013    0.5046    0.5159    0.5130    0.5047    0.5118    0.5075    0.5116
    0.0038    0.0038    0.0037    0.0038    0.0038    0.0038    0.0038    0.0038    0.0038    0.0038
    0.0007    0.0007    0.0007    0.0008    0.0007    0.0007    0.0008    0.0007    0.0007    0.0007
    0.1973    0.1974    0.1996    0.1990    0.1946    0.1958    0.1989    0.1960    0.1979    0.1962

  Columns 561 through 570

    0.5110    0.5051    0.5081    0.5024    0.5051    0.5103    0.5102    0.5045    0.5010    0.5049
    0.0038    0.0038    0.0038    0.0037    0.0038    0.0038    0.0038    0.0038    0.0037    0.0038
    0.0007    0.0007    0.0007    0.0007    0.0008    0.0007    0.0007    0.0008    0.0008    0.0007
    0.1965    0.1987    0.1975    0.1992    0.1987    0.1966    0.1967    0.1988    0.2002    0.1987

  Columns 571 through 580

    0.4942    0.5052    0.5121    0.5067    0.5038    0.5044    0.5103    0.5047    0.5093    0.5143
    0.0037    0.0038    0.0038    0.0038    0.0038    0.0038    0.0038    0.0038    0.0038    0.0038
    0.0008    0.0007    0.0007    0.0007    0.0008    0.0008    0.0007    0.0008    0.0007    0.0007
    0.2028    0.1985    0.1961    0.1981    0.1991    0.1989    0.1967    0.1989    0.1972    0.1953

  Columns 581 through 590

    0.5042    0.5054    0.5095    0.5091    0.5134    0.5084    0.5190    0.5162    0.5089    0.5113
    0.0038    0.0038    0.0038    0.0038    0.0038    0.0038    0.0039    0.0038    0.0038    0.0038
    0.0008    0.0008    0.0007    0.0007    0.0007    0.0007    0.0007    0.0007    0.0007    0.0007
    0.1991    0.1986    0.1970    0.1972    0.1956    0.1974    0.1935    0.1945    0.1972    0.1964

  Columns 591 through 600

    0.5050    0.5092    0.5094    0.5038    0.5043    0.5070    0.5131    0.5083    0.5018    0.5038
    0.0038    0.0038    0.0038    0.0038    0.0038    0.0038    0.0038    0.0038    0.0037    0.0037
    0.0008    0.0007    0.0007    0.0007    0.0008    0.0007    0.0007    0.0007    0.0008    0.0008
    0.1989    0.1972    0.1969    0.1991    0.1990    0.1980    0.1957    0.1974    0.2000    0.1990

  Columns 601 through 610

    0.5018    0.5077    0.5085    0.5090    0.5087    0.5129    0.5016    0.5052    0.5034    0.5036
    0.0037    0.0038    0.0038    0.0038    0.0038    0.0038    0.0037    0.0038    0.0038    0.0038
    0.0008    0.0007    0.0007    0.0007    0.0007    0.0007    0.0008    0.0008    0.0008    0.0008
    0.2000    0.1978    0.1974    0.1971    0.1974    0.1959    0.2000    0.1987    0.1994    0.1991

  Columns 611 through 620

    0.5186    0.5048    0.5053    0.5039    0.5166    0.4986    0.5055    0.5055    0.5107    0.5020
    0.0039    0.0038    0.0038    0.0038    0.0038    0.0037    0.0038    0.0038    0.0038    0.0037
    0.0007    0.0007    0.0008    0.0008    0.0007    0.0007    0.0008    0.0008    0.0007    0.0007
    0.1936    0.1987    0.1987    0.1991    0.1945    0.2007    0.1985    0.1985    0.1964    0.1994

  Columns 621 through 630

    0.5092    0.5067    0.5134    0.5015    0.5062    0.5105    0.5082    0.5118    0.5034    0.5091
    0.0038    0.0038    0.0038    0.0037    0.0038    0.0038    0.0038    0.0038    0.0037    0.0038
    0.0007    0.0007    0.0007    0.0008    0.0008    0.0007    0.0007    0.0007    0.0008    0.0007
    0.1972    0.1980    0.1957    0.1999    0.1984    0.1966    0.1973    0.1962    0.1994    0.1971

  Columns 631 through 640

    0.5050    0.5062    0.5045    0.5060    0.5026    0.5056    0.5104    0.5060    0.5033    0.5076
    0.0038    0.0038    0.0038    0.0038    0.0037    0.0038    0.0038    0.0038    0.0038    0.0038
    0.0008    0.0007    0.0007    0.0007    0.0008    0.0008    0.0007    0.0008    0.0008    0.0007
    0.1987    0.1981    0.1988    0.1983    0.1996    0.1986    0.1965    0.1985    0.1993    0.1976

  Columns 641 through 650

    0.5023    0.5123    0.5107    0.5064    0.5125    0.5103    0.5021    0.5108    0.5082    0.5016
    0.0037    0.0038    0.0038    0.0038    0.0038    0.0038    0.0037    0.0038    0.0038    0.0037
    0.0008    0.0007    0.0007    0.0007    0.0007    0.0007    0.0008    0.0007    0.0007    0.0007
    0.1998    0.1959    0.1966    0.1982    0.1957    0.1968    0.1998    0.1964    0.1976    0.1994

  Columns 651 through 660

    0.5035    0.5017    0.5034    0.5149    0.5048    0.5115    0.5023    0.5060    0.5141    0.5041
    0.0037    0.0037    0.0038    0.0038    0.0038    0.0038    0.0037    0.0038    0.0038    0.0038
    0.0008    0.0008    0.0008    0.0007    0.0008    0.0007    0.0008    0.0007    0.0007    0.0008
    0.1992    0.1999    0.1993    0.1951    0.1989    0.1962    0.1997    0.1982    0.1953    0.1991

  Columns 661 through 670

    0.5033    0.5121    0.5073    0.5063    0.5060    0.5126    0.5026    0.5095    0.5076    0.5082
    0.0038    0.0038    0.0038    0.0038    0.0038    0.0038    0.0037    0.0038    0.0038    0.0038
    0.0008    0.0007    0.0007    0.0007    0.0008    0.0007    0.0007    0.0007    0.0007    0.0007
    0.1992    0.1962    0.1978    0.1983    0.1984    0.1957    0.1992    0.1971    0.1978    0.1974

  Columns 671 through 680

    0.5040    0.5154    0.5066    0.5030    0.5035    0.5145    0.5054    0.5084    0.5063    0.5160
    0.0038    0.0038    0.0038    0.0038    0.0038    0.0038    0.0038    0.0038    0.0038    0.0038
    0.0008    0.0007    0.0007    0.0008    0.0008    0.0007    0.0008    0.0007    0.0007    0.0007
    0.1991    0.1948    0.1982    0.1993    0.1993    0.1952    0.1986    0.1975    0.1983    0.1946

  Columns 681 through 690

    0.5088    0.5084    0.5103    0.5052    0.4978    0.5106    0.4891    0.4774    0.5099    0.5086
    0.0038    0.0038    0.0038    0.0038    0.0037    0.0038    0.0036    0.0036    0.0038    0.0038
    0.0007    0.0007    0.0007    0.0008    0.0008    0.0007    0.0008    0.0008    0.0007    0.0007
    0.1973    0.1975    0.1968    0.1987    0.2015    0.1967    0.2045    0.2088    0.1969    0.1973

  Columns 691 through 700

    0.5010    0.5158    0.5048    0.5131    0.5116    0.5117    0.5040    0.5103    0.5056    0.5138
    0.0037    0.0038    0.0038    0.0038    0.0038    0.0038    0.0038    0.0038    0.0038    0.0038
    0.0007    0.0007    0.0007    0.0007    0.0007    0.0007    0.0008    0.0007    0.0007    0.0007
    0.1997    0.1946    0.1987    0.1957    0.1962    0.1963    0.1992    0.1968    0.1983    0.1954

  Columns 701 through 710

    0.5044    0.5043    0.5107    0.5082    0.5039    0.5054    0.5100    0.5058    0.5059    0.5035
    0.0038    0.0038    0.0038    0.0038    0.0038    0.0038    0.0038    0.0038    0.0038    0.0038
    0.0008    0.0008    0.0007    0.0007    0.0008    0.0008    0.0007    0.0007    0.0007    0.0008
    0.1987    0.1989    0.1965    0.1975    0.1991    0.1986    0.1969    0.1985    0.1982    0.1994

  Columns 711 through 720

    0.5080    0.5152    0.5041    0.5116    0.5042    0.5088    0.5116    0.5043    0.5168    0.5111
    0.0038    0.0038    0.0038    0.0038    0.0038    0.0038    0.0038    0.0038    0.0039    0.0038
    0.0007    0.0007    0.0008    0.0007    0.0008    0.0007    0.0007    0.0007    0.0007    0.0007
    0.1977    0.1949    0.1991    0.1963    0.1989    0.1973    0.1963    0.1988    0.1943    0.1965

  Columns 721 through 730

    0.5031    0.5067    0.5120    0.5086    0.5080    0.5062    0.5132    0.5042    0.5033    0.5090
    0.0037    0.0038    0.0038    0.0038    0.0038    0.0038    0.0038    0.0038    0.0038    0.0038
    0.0008    0.0007    0.0007    0.0007    0.0007    0.0007    0.0007    0.0008    0.0008    0.0007
    0.1996    0.1982    0.1961    0.1974    0.1976    0.1983    0.1957    0.1990    0.1993    0.1973

  Columns 731 through 740

    0.5017    0.5046    0.5045    0.5071    0.5017    0.5051    0.5057    0.5070    0.5188    0.5123
    0.0037    0.0038    0.0038    0.0038    0.0037    0.0038    0.0038    0.0038    0.0039    0.0038
    0.0007    0.0007    0.0008    0.0007    0.0008    0.0007    0.0008    0.0007    0.0007    0.0007
    0.1995    0.1988    0.1989    0.1980    0.2000    0.1988    0.1984    0.1980    0.1935    0.1960

  Columns 741 through 750

    0.5130    0.5065    0.5096    0.5056    0.5105    0.5123    0.5126    0.5092    0.5029    0.5195
    0.0038    0.0038    0.0038    0.0038    0.0038    0.0038    0.0038    0.0038    0.0037    0.0039
    0.0007    0.0007    0.0007    0.0008    0.0007    0.0007    0.0007    0.0007    0.0008    0.0007
    0.1957    0.1982    0.1970    0.1985    0.1967    0.1960    0.1959    0.1971    0.1995    0.1932

  Columns 751 through 760

    0.5126    0.5141    0.5034    0.5032    0.5048    0.5120    0.5051    0.5047    0.5007    0.5087
    0.0038    0.0038    0.0037    0.0037    0.0038    0.0038    0.0038    0.0038    0.0037    0.0038
    0.0007    0.0007    0.0008    0.0008    0.0008    0.0007    0.0008    0.0008    0.0007    0.0007
    0.1959    0.1954    0.1994    0.1993    0.1988    0.1961    0.1987    0.1989    0.1996    0.1972

  Columns 761 through 770

    0.5151    0.5022    0.5157    0.5151    0.5164    0.5057    0.5117    0.5048    0.5020    0.5160
    0.0038    0.0037    0.0038    0.0038    0.0038    0.0038    0.0038    0.0038    0.0037    0.0038
    0.0007    0.0007    0.0007    0.0007    0.0007    0.0008    0.0007    0.0008    0.0008    0.0007
    0.1949    0.1993    0.1947    0.1950    0.1945    0.1985    0.1962    0.1987    0.1998    0.1947

  Columns 771 through 780

    0.5114    0.5048    0.5016    0.5010    0.5010    0.5112    0.5060    0.5103    0.5043    0.5131
    0.0038    0.0038    0.0037    0.0037    0.0037    0.0038    0.0038    0.0038    0.0038    0.0038
    0.0007    0.0007    0.0007    0.0008    0.0007    0.0007    0.0007    0.0007    0.0008    0.0007
    0.1964    0.1987    0.1995    0.2002    0.1997    0.1964    0.1983    0.1968    0.1989    0.1957

  Columns 781 through 790

    0.5164    0.5050    0.5051    0.5143    0.5177    0.5100    0.5109    0.5125    0.5069    0.5109
    0.0039    0.0038    0.0038    0.0038    0.0039    0.0038    0.0038    0.0038    0.0038    0.0038
    0.0007    0.0007    0.0008    0.0007    0.0007    0.0007    0.0007    0.0007    0.0007    0.0007
    0.1945    0.1987    0.1986    0.1954    0.1938    0.1969    0.1966    0.1960    0.1980    0.1966

  Columns 791 through 800

    0.5010    0.5123    0.5072    0.5035    0.5104    0.5004    0.5021    0.5104    0.5025    0.5138
    0.0037    0.0038    0.0038    0.0038    0.0038    0.0037    0.0037    0.0038    0.0037    0.0038
    0.0008    0.0007    0.0007    0.0008    0.0007    0.0008    0.0007    0.0007    0.0008    0.0007
    0.2002    0.1959    0.1979    0.1992    0.1967    0.2005    0.1993    0.1967    0.1996    0.1955

  Columns 801 through 810

    0.5055    0.5131    0.4999    0.5158    0.5033    0.5076    0.5088    0.5088    0.5098    0.5052
    0.0038    0.0038    0.0037    0.0038    0.0038    0.0038    0.0038    0.0038    0.0038    0.0038
    0.0008    0.0007    0.0007    0.0007    0.0008    0.0007    0.0007    0.0007    0.0007    0.0008
    0.1985    0.1958    0.2003    0.1946    0.1994    0.1977    0.1973    0.1973    0.1970    0.1986

  Columns 811 through 820

    0.5005    0.5130    0.5138    0.5055    0.5059    0.4886    0.5025    0.5098    0.5052    0.5080
    0.0037    0.0038    0.0038    0.0038    0.0038    0.0036    0.0037    0.0038    0.0038    0.0038
    0.0008    0.0007    0.0007    0.0008    0.0008    0.0008    0.0008    0.0007    0.0008    0.0007
    0.2005    0.1958    0.1955    0.1987    0.1984    0.2046    0.1997    0.1967    0.1987    0.1976

  Columns 821 through 830

    0.4834    0.5241    0.5067    0.5052    0.5083    0.5135    0.5024    0.5070    0.5045    0.5098
    0.0036    0.0039    0.0038    0.0038    0.0038    0.0038    0.0037    0.0038    0.0038    0.0038
    0.0008    0.0007    0.0007    0.0008    0.0007    0.0007    0.0008    0.0007    0.0008    0.0007
    0.2066    0.1917    0.1981    0.1986    0.1974    0.1955    0.1998    0.1980    0.1990    0.1970

  Columns 831 through 840

    0.5142    0.5105    0.5078    0.5121    0.5006    0.4740    0.5095    0.5119    0.5062    0.5108
    0.0038    0.0038    0.0038    0.0038    0.0037    0.0035    0.0038    0.0038    0.0038    0.0038
    0.0007    0.0007    0.0007    0.0007    0.0008    0.0008    0.0007    0.0007    0.0007    0.0007
    0.1954    0.1968    0.1977    0.1960    0.2002    0.2103    0.1971    0.1961    0.1983    0.1965

  Columns 841 through 850

    0.5073    0.5042    0.5036    0.5090    0.5030    0.5056    0.5057    0.5086    0.5082    0.5028
    0.0038    0.0038    0.0038    0.0038    0.0037    0.0038    0.0038    0.0038    0.0038    0.0037
    0.0007    0.0008    0.0008    0.0007    0.0008    0.0008    0.0007    0.0007    0.0007    0.0008
    0.1978    0.1991    0.1992    0.1971    0.1994    0.1986    0.1984    0.1974    0.1975    0.1995

  Columns 851 through 860

    0.5042    0.5120    0.5114    0.5049    0.5048    0.5040    0.5074    0.5016    0.5087    0.5057
    0.0038    0.0038    0.0038    0.0038    0.0038    0.0038    0.0038    0.0037    0.0038    0.0038
    0.0008    0.0007    0.0007    0.0008    0.0008    0.0008    0.0007    0.0008    0.0007    0.0007
    0.1991    0.1961    0.1962    0.1987    0.1988    0.1990    0.1977    0.2000    0.1974    0.1985

  Columns 861 through 870

    0.5123    0.4821    0.5043    0.5029    0.5054    0.5011    0.5112    0.5033    0.5078    0.5043
    0.0038    0.0036    0.0038    0.0038    0.0038    0.0037    0.0038    0.0037    0.0038    0.0038
    0.0007    0.0008    0.0007    0.0008    0.0008    0.0008    0.0007    0.0008    0.0007    0.0008
    0.1960    0.2071    0.1990    0.1994    0.1986    0.2002    0.1964    0.1993    0.1978    0.1991

  Columns 871 through 880

    0.5105    0.5031    0.4986    0.5119    0.5071    0.5048    0.5076    0.5122    0.5040    0.5059
    0.0038    0.0037    0.0037    0.0038    0.0038    0.0038    0.0038    0.0038    0.0038    0.0038
    0.0007    0.0008    0.0007    0.0007    0.0007    0.0008    0.0007    0.0007    0.0008    0.0007
    0.1967    0.1996    0.2006    0.1962    0.1980    0.1988    0.1978    0.1960    0.1990    0.1984

  Columns 881 through 890

    0.5038    0.5122    0.5113    0.5038    0.5116    0.5059    0.5117    0.5108    0.5047    0.5019
    0.0038    0.0038    0.0038    0.0038    0.0038    0.0038    0.0038    0.0038    0.0038    0.0037
    0.0008    0.0007    0.0007    0.0007    0.0007    0.0007    0.0007    0.0007    0.0008    0.0007
    0.1992    0.1958    0.1964    0.1990    0.1964    0.1984    0.1962    0.1964    0.1989    0.1993

  Columns 891 through 900

    0.5049    0.5039    0.4974    0.5037    0.5130    0.5098    0.5112    0.5042    0.5193    0.5134
    0.0038    0.0037    0.0037    0.0038    0.0038    0.0038    0.0038    0.0038    0.0039    0.0038
    0.0007    0.0008    0.0008    0.0008    0.0007    0.0007    0.0007    0.0007    0.0007    0.0007
    0.1987    0.1991    0.2016    0.1992    0.1958    0.1970    0.1964    0.1989    0.1935    0.1954

  Columns 901 through 910

    0.5051    0.5058    0.5061    0.5154    0.5017    0.5040    0.5022    0.5091    0.5104    0.5146
    0.0038    0.0038    0.0038    0.0038    0.0037    0.0038    0.0037    0.0038    0.0038    0.0038
    0.0007    0.0008    0.0007    0.0007    0.0008    0.0008    0.0007    0.0007    0.0007    0.0007
    0.1985    0.1984    0.1984    0.1948    0.2000    0.1990    0.1992    0.1972    0.1967    0.1952

  Columns 911 through 920

    0.5108    0.5148    0.5014    0.5040    0.5108    0.5066    0.5016    0.5006    0.5087    0.5036
    0.0038    0.0038    0.0037    0.0038    0.0038    0.0038    0.0037    0.0037    0.0038    0.0038
    0.0007    0.0007    0.0007    0.0008    0.0007    0.0007    0.0008    0.0007    0.0007    0.0008
    0.1966    0.1950    0.1995    0.1991    0.1966    0.1982    0.2001    0.1997    0.1972    0.1993

  Columns 921 through 930

    0.5112    0.5030    0.5126    0.5060    0.5038    0.5056    0.5017    0.5021    0.5079    0.5137
    0.0038    0.0038    0.0038    0.0038    0.0038    0.0038    0.0037    0.0037    0.0038    0.0038
    0.0007    0.0008    0.0007    0.0007    0.0008    0.0007    0.0007    0.0008    0.0007    0.0007
    0.1962    0.1994    0.1959    0.1984    0.1991    0.1984    0.1994    0.1998    0.1976    0.1956

  Columns 931 through 940

    0.5131    0.5094    0.5077    0.5130    0.5138    0.5045    0.5061    0.5034    0.5050    0.5070
    0.0038    0.0038    0.0038    0.0038    0.0038    0.0038    0.0038    0.0038    0.0038    0.0038
    0.0007    0.0007    0.0007    0.0007    0.0007    0.0008    0.0007    0.0008    0.0008    0.0007
    0.1957    0.1971    0.1978    0.1958    0.1955    0.1990    0.1982    0.1994    0.1988    0.1980

  Columns 941 through 950

    0.5049    0.5021    0.5045    0.5014    0.5038    0.5037    0.5031    0.5020    0.5126    0.5006
    0.0038    0.0037    0.0038    0.0037    0.0038    0.0038    0.0038    0.0037    0.0038    0.0037
    0.0008    0.0008    0.0008    0.0007    0.0008    0.0008    0.0008    0.0008    0.0007    0.0008
    0.1986    0.1997    0.1989    0.1996    0.1992    0.1993    0.1993    0.1998    0.1958    0.2004

  Columns 951 through 960

    0.5049    0.5126    0.5030    0.5073    0.5011    0.5169    0.5029    0.5050    0.5085    0.5010
    0.0038    0.0038    0.0037    0.0038    0.0037    0.0038    0.0037    0.0038    0.0038    0.0037
    0.0008    0.0007    0.0008    0.0007    0.0007    0.0007    0.0008    0.0008    0.0007    0.0008
    0.1987    0.1959    0.1995    0.1979    0.1995    0.1944    0.1995    0.1987    0.1974    0.2004

  Columns 961 through 970

    0.5108    0.5020    0.5033    0.5091    0.5052    0.5053    0.5097    0.5046    0.5005    0.5064
    0.0038    0.0037    0.0037    0.0038    0.0038    0.0038    0.0038    0.0038    0.0037    0.0038
    0.0007    0.0008    0.0008    0.0007    0.0008    0.0008    0.0007    0.0008    0.0007    0.0007
    0.1966    0.1999    0.1992    0.1971    0.1988    0.1986    0.1969    0.1989    0.1998    0.1982

  Columns 971 through 980

    0.5073    0.5063    0.5098    0.5030    0.5137    0.5063    0.5008    0.5131    0.5037    0.5073
    0.0038    0.0038    0.0038    0.0037    0.0038    0.0038    0.0037    0.0038    0.0038    0.0038
    0.0007    0.0007    0.0007    0.0008    0.0007    0.0007    0.0008    0.0007    0.0008    0.0007
    0.1978    0.1981    0.1970    0.1995    0.1953    0.1981    0.2003    0.1957    0.1993    0.1979

  Columns 981 through 990

    0.5032    0.5068    0.5039    0.5138    0.5104    0.5041    0.5042    0.5140    0.5134    0.5079
    0.0037    0.0038    0.0038    0.0038    0.0038    0.0038    0.0038    0.0038    0.0038    0.0038
    0.0008    0.0007    0.0008    0.0007    0.0007    0.0007    0.0008    0.0007    0.0007    0.0007
    0.1994    0.1979    0.1991    0.1953    0.1966    0.1990    0.1990    0.1953    0.1954    0.1976

  Columns 991 through 1000

    0.5131    0.5126    0.5051    0.5077    0.5020    0.5086    0.5053    0.5069    0.5070    0.5047
    0.0038    0.0038    0.0038    0.0038    0.0037    0.0038    0.0038    0.0038    0.0038    0.0038
    0.0007    0.0007    0.0008    0.0007    0.0008    0.0007    0.0007    0.0007    0.0007    0.0008
    0.1955    0.1960    0.1987    0.1977    0.1998    0.1974    0.1986    0.1981    0.1981    0.1989

With confidence of .95, a10 lies within 0.5066 < 0.5070 < 0.5073 with an error of 1.3934%
With confidence of .95, a12 lies within 0.0038 < 0.0038 < 0.0038 with an error of 0.7399%
With confidence of .95, a21 lies within 0.0007 < 0.0007 < 0.0007 with an error of 0.2468%
With confidence of .95, a20 lies within 0.1978 < 0.1980 < 0.1981 with an error of 1.0246%