N=600
thetahat =

  Columns 1 through 10

    0.6553    0.5485    0.4389    0.4793    0.4964    0.4481    0.5167    0.4639    0.5680    0.5011
    0.0063    0.0040    0.0032    0.0038    0.0040    0.0035    0.0039    0.0036    0.0042    0.0038
    0.0013    0.0008    0.0006    0.0009    0.0008    0.0007    0.0010    0.0008    0.0006    0.0007
    0.1682    0.1654    0.2402    0.2249    0.2054    0.2439    0.2028    0.2268    0.1591    0.2006

  Columns 11 through 20

    0.5985    0.4381    0.4922    0.5995    0.4559    0.4850    0.5311    0.5418    0.5406    0.5829
    0.0046    0.0041    0.0039    0.0043    0.0034    0.0036    0.0049    0.0040    0.0042    0.0044
    0.0008    0.0008    0.0008    0.0012    0.0009    0.0007    0.0018    0.0007    0.0009    0.0007
    0.1995    0.1808    0.1864    0.1639    0.2267    0.2271    0.2174    0.2161    0.1949    0.1598

  Columns 21 through 30

    0.5584    0.5918    0.7037    0.4283    0.6008    0.4593    0.5271    0.5878    0.4531    0.5266
    0.0043    0.0043    0.0051    0.0036    0.0044    0.0035    0.0039    0.0045    0.0039    0.0038
    0.0007    0.0006    0.0006    0.0009    0.0005    0.0012    0.0005    0.0008    0.0008    0.0008
    0.1803    0.1443    0.1589    0.2021    0.1834    0.2270    0.1593    0.2053    0.1867    0.1850

  Columns 31 through 40

    0.4875    0.3310    0.4141    0.4023    0.4186    0.3640    0.4329    0.4416    0.4512    0.4963
    0.0037    0.0027    0.0032    0.0032    0.0032    0.0028    0.0040    0.0041    0.0043    0.0038
    0.0006    0.0012    0.0010    0.0011    0.0009    0.0011    0.0008    0.0008    0.0015    0.0008
    0.1678    0.2723    0.2196    0.2127    0.2240    0.2680    0.1961    0.1807    0.2348    0.2090

  Columns 41 through 50

    0.6363    0.4777    0.4778    0.5197    0.5491    0.4626    0.4822    0.5675    0.5186    0.4267
    0.0048    0.0035    0.0039    0.0037    0.0041    0.0036    0.0037    0.0044    0.0039    0.0031
    0.0007    0.0007    0.0007    0.0008    0.0007    0.0010    0.0008    0.0006    0.0008    0.0010
    0.1444    0.2433    0.2126    0.1775    0.2225    0.2204    0.2130    0.1681    0.2150    0.2258

  Columns 51 through 60

    0.4474    0.3696    0.5984    0.6169    0.4479    0.5011    0.5450    0.4877    0.4665    0.4185
    0.0035    0.0028    0.0042    0.0047    0.0037    0.0038    0.0042    0.0037    0.0034    0.0042
    0.0010    0.0011    0.0009    0.0009    0.0009    0.0008    0.0007    0.0008    0.0009    0.0008
    0.1992    0.2354    0.1526    0.1792    0.2409    0.2008    0.1956    0.1989    0.2133    0.1888

  Columns 61 through 70

    0.3043    0.4640    0.5491    0.4556    0.4923    0.5113    0.5697    0.4256    0.5985    0.6026
    0.0022    0.0036    0.0044    0.0035    0.0037    0.0039    0.0042    0.0033    0.0043    0.0045
    0.0013    0.0009    0.0007    0.0009    0.0009    0.0008    0.0010    0.0003    0.0004    0.0006
    0.3205    0.2359    0.2108    0.2254    0.2051    0.1825    0.1724    0.2019    0.1336    0.1479

  Columns 71 through 80

    0.5373    0.6137    0.3026    0.5431    0.4789    0.4193    0.4441    0.4613    0.5725    0.5911
    0.0037    0.0045    0.0024    0.0039    0.0037    0.0032    0.0034    0.0031    0.0044    0.0041
    0.0007    0.0006    0.0011    0.0006    0.0007    0.0011    0.0010    0.0009    0.0010    0.0006
    0.2125    0.1562    0.3717    0.1826    0.2214    0.2511    0.2449    0.2001    0.1933    0.1940

  Columns 81 through 90

    0.4993    0.5259    0.4172    0.5944    0.4475    0.3089    0.5364    0.4684    0.4273    0.4719
    0.0038    0.0040    0.0033    0.0043    0.0034    0.0023    0.0040    0.0036    0.0033    0.0035
    0.0008    0.0009    0.0009    0.0005    0.0009    0.0012    0.0009    0.0009    0.0010    0.0008
    0.1839    0.2139    0.2206    0.2061    0.2090    0.3202    0.1916    0.2178    0.2419    0.2068

  Columns 91 through 100

    0.5100    0.5762    0.5014    0.5841    0.4673    0.4149    0.5064    0.4940    0.5046    0.4808
    0.0039    0.0041    0.0038    0.0043    0.0035    0.0031    0.0036    0.0040    0.0038    0.0036
    0.0010    0.0006    0.0008    0.0007    0.0009    0.0011    0.0010    0.0009    0.0008    0.0008
    0.2063    0.1924    0.1852    0.1567    0.2139    0.2652    0.1792    0.1879    0.1805    0.2103

  Columns 101 through 110

    0.4936    0.3733    0.4589    0.5165    0.4679    0.2433    0.5555    0.4898    0.5406    0.5932
    0.0038    0.0029    0.0035    0.0038    0.0034    0.0018    0.0043    0.0038    0.0039    0.0044
    0.0008    0.0011    0.0008    0.0008    0.0008    0.0013    0.0010    0.0008    0.0007    0.0009
    0.1948    0.2557    0.2442    0.1773    0.2267    0.3835    0.1687    0.2111    0.2306    0.1931

  Columns 111 through 120

    0.7084    0.4536    0.4908    0.6414    0.3892    0.4943    0.3370    0.3886    0.5160    0.6664
    0.0052    0.0034    0.0040    0.0048    0.0029    0.0038    0.0025    0.0038    0.0038    0.0049
    0.0004    0.0010    0.0008    0.0004    0.0011    0.0010    0.0013    0.0010    0.0007    0.0005
    0.1241    0.2220    0.1732    0.1433    0.2524    0.1850    0.2752    0.2210    0.1872    0.1384

  Columns 121 through 130

    0.5494    0.4884    0.5232    0.5587    0.3809    0.4306    0.4983    0.5290    0.4627    0.7066
    0.0043    0.0038    0.0040    0.0042    0.0029    0.0032    0.0038    0.0040    0.0038    0.0049
    0.0006    0.0006    0.0007    0.0006    0.0009    0.0011    0.0007    0.0009    0.0009    0.0001
    0.1774    0.1945    0.2163    0.1743    0.3244    0.2215    0.1983    0.1979    0.2227    0.1518

  Columns 131 through 140

    0.5261    0.4765    0.5453    0.4078    0.3991    0.5263    0.5694    0.6235    0.5028    0.4263
    0.0041    0.0036    0.0041    0.0030    0.0031    0.0039    0.0044    0.0044    0.0038    0.0031
    0.0010    0.0009    0.0006    0.0005    0.0010    0.0009    0.0002    0.0011    0.0008    0.0007
    0.2011    0.2129    0.1576    0.2393    0.2364    0.2028    0.1344    0.1618    0.1880    0.2767

  Columns 141 through 150

    0.7387    0.3611    0.6228    0.5250    0.5072    0.4729    0.2679    0.4564    0.5295    0.4523
    0.0055    0.0027    0.0049    0.0041    0.0037    0.0037    0.0021    0.0037    0.0040    0.0034
    0.0005    0.0007    0.0014    0.0006    0.0006    0.0009    0.0013    0.0008    0.0010    0.0009
    0.1206    0.2542    0.1856    0.2152    0.1839    0.2150    0.3523    0.1949    0.2171    0.2069

  Columns 151 through 160

    0.4872    0.5147    0.4838    0.5013    0.5056    0.3996    0.5201    0.4636    0.3941    0.5641
    0.0037    0.0039    0.0037    0.0036    0.0037    0.0030    0.0040    0.0035    0.0030    0.0042
    0.0009    0.0006    0.0008    0.0008    0.0008    0.0010    0.0009    0.0009    0.0010    0.0002
    0.1874    0.2178    0.2162    0.1891    0.2067    0.2502    0.2030    0.2194    0.2284    0.1342

  Columns 161 through 170

    0.4960    0.4976    0.4855    0.4673    0.5694    0.5026    0.4925    0.4376    0.4314    0.4886
    0.0038    0.0038    0.0035    0.0036    0.0042    0.0038    0.0038    0.0035    0.0033    0.0036
    0.0008    0.0008    0.0010    0.0008    0.0006    0.0008    0.0008    0.0009    0.0011    0.0008
    0.2100    0.1911    0.2123    0.2047    0.1598    0.1775    0.2149    0.2093    0.2001    0.2120

  Columns 171 through 180

    0.4814    0.5108    0.5012    0.5100    0.4856    0.5845    0.3876    0.5754    0.4956    0.3424
    0.0038    0.0038    0.0038    0.0036    0.0038    0.0045    0.0027    0.0044    0.0037    0.0024
    0.0008    0.0008    0.0009    0.0010    0.0008    0.0009    0.0004    0.0006    0.0008    0.0005
    0.2201    0.1863    0.2107    0.1907    0.1798    0.1833    0.2658    0.1579    0.1865    0.2921

  Columns 181 through 190

    0.5237    0.5556    0.3754    0.4627    0.4013    0.4974    0.5861    0.4136    0.2710    0.5561
    0.0041    0.0041    0.0030    0.0035    0.0033    0.0037    0.0044    0.0031    0.0020    0.0042
    0.0011    0.0005    0.0009    0.0009    0.0010    0.0008    0.0012    0.0009    0.0008    0.0005
    0.1917    0.1531    0.2886    0.2046    0.2248    0.1926    0.1684    0.2270    0.3064    0.1482

  Columns 191 through 200

    0.4844    0.4995    0.5481    0.4009    0.4694    0.4097    0.5078    0.5050    0.5218    0.5215
    0.0039    0.0037    0.0042    0.0033    0.0037    0.0034    0.0038    0.0040    0.0038    0.0039
    0.0008    0.0006    0.0007    0.0010    0.0008    0.0010    0.0008    0.0008    0.0006    0.0008
    0.1840    0.1859    0.1694    0.2254    0.2192    0.2211    0.1859    0.2018    0.2836    0.1758

  Columns 201 through 210

    0.4141    0.4276    0.7448    0.4457    0.4880    0.7533    0.4055    0.3553    0.4685    0.3950
    0.0034    0.0032    0.0053    0.0032    0.0040    0.0054    0.0031    0.0028    0.0034    0.0031
    0.0010    0.0005    0.0005    0.0012    0.0009    0.0004    0.0007    0.0013    0.0009    0.0010
    0.2219    0.1974    0.1594    0.2397    0.2311    0.1461    0.2203    0.2703    0.2184    0.2388

  Columns 211 through 220

    0.4879    0.5463    0.4820    0.5190    0.5186    0.5105    0.4940    0.5836    0.3587    0.3684
    0.0038    0.0041    0.0033    0.0041    0.0038    0.0039    0.0038    0.0039    0.0029    0.0035
    0.0009    0.0005    0.0009    0.0007    0.0008    0.0007    0.0008    0.0008    0.0011    0.0010
    0.2089    0.1486    0.1897    0.1919    0.1843    0.2051    0.1848    0.2081    0.2640    0.2330

  Columns 221 through 230

    0.4396    0.7576    0.5950    0.4565    0.4619    0.5096    0.5826    0.4162    0.4976    0.4805
    0.0034    0.0056    0.0045    0.0034    0.0036    0.0038    0.0039    0.0033    0.0038    0.0038
    0.0009    0.0005    0.0005    0.0010    0.0009    0.0007    0.0006    0.0009    0.0008    0.0008
    0.2135    0.1697    0.2306    0.2240    0.2130    0.1915    0.2021    0.2329    0.1909    0.1968

  Columns 231 through 240

    0.5027    0.5056    0.4945    0.5506    0.5104    0.4979    0.4687    0.5856    0.3863    0.3912
    0.0038    0.0039    0.0038    0.0042    0.0038    0.0037    0.0036    0.0044    0.0028    0.0029
    0.0008    0.0008    0.0008    0.0009    0.0010    0.0007    0.0011    0.0006    0.0011    0.0011
    0.2029    0.2135    0.1866    0.1720    0.2083    0.1951    0.2079    0.2022    0.2206    0.2608

  Columns 241 through 250

    0.5045    0.5451    0.5306    0.4482    0.4396    0.4359    0.4664    0.5843    0.4994    0.4995
    0.0037    0.0042    0.0039    0.0033    0.0034    0.0034    0.0035    0.0044    0.0038    0.0038
    0.0008    0.0002    0.0008    0.0009    0.0011    0.0009    0.0012    0.0006    0.0008    0.0007
    0.1955    0.1963    0.1705    0.2131    0.2522    0.2122    0.2286    0.1503    0.1956    0.2033

  Columns 251 through 260

    0.4810    0.4501    0.5130    0.4696    0.4992    0.7707    0.5024    0.5073    0.7183    0.5416
    0.0036    0.0035    0.0038    0.0035    0.0039    0.0057    0.0038    0.0037    0.0054    0.0040
    0.0008    0.0009    0.0007    0.0009    0.0009    0.0005    0.0008    0.0008    0.0004    0.0007
    0.1958    0.1968    0.2185    0.1974    0.2150    0.1295    0.1881    0.1817    0.1352    0.1748

  Columns 261 through 270

    0.4878    0.5369    0.4501    0.3882    0.4738    0.3111    0.5114    0.5031    0.5337    0.4135
    0.0040    0.0041    0.0034    0.0030    0.0037    0.0024    0.0038    0.0037    0.0040    0.0032
    0.0008    0.0011    0.0009    0.0011    0.0006    0.0013    0.0008    0.0008    0.0008    0.0008
    0.2124    0.1777    0.2078    0.2491    0.2002    0.3278    0.1895    0.1879    0.1856    0.2709

  Columns 271 through 280

    0.6449    0.5457    0.4786    0.6179    0.4116    0.5027    0.4389    0.5630    0.4982    0.6425
    0.0050    0.0043    0.0037    0.0043    0.0031    0.0038    0.0034    0.0041    0.0035    0.0047
    0.0008    0.0011    0.0009    0.0003    0.0011    0.0008    0.0012    0.0011    0.0009    0.0004
    0.1887    0.2201    0.2239    0.1686    0.2364    0.1759    0.2582    0.2374    0.1804    0.1869

  Columns 281 through 290

    0.4929    0.5005    0.4249    0.5061    0.5097    0.5339    0.4647    0.4154    0.5103    0.4950
    0.0035    0.0037    0.0033    0.0038    0.0040    0.0039    0.0038    0.0034    0.0038    0.0038
    0.0006    0.0008    0.0009    0.0008    0.0008    0.0007    0.0008    0.0010    0.0008    0.0008
    0.2387    0.1703    0.2453    0.2202    0.2151    0.1956    0.1920    0.2143    0.2123    0.2021

  Columns 291 through 300

    0.4418    0.5724    0.5194    0.3957    0.5219    0.4764    0.4716    0.5136    0.5151    0.4637
    0.0041    0.0042    0.0040    0.0032    0.0039    0.0038    0.0038    0.0039    0.0037    0.0037
    0.0008    0.0007    0.0008    0.0012    0.0009    0.0011    0.0008    0.0008    0.0008    0.0008
    0.1862    0.1491    0.2212    0.2814    0.2145    0.2220    0.1875    0.1983    0.1756    0.2026

  Columns 301 through 310

    0.4956    0.5304    0.5038    0.4002    0.4467    0.5743    0.4991    0.6061    0.5554    0.5100
    0.0038    0.0041    0.0037    0.0033    0.0035    0.0043    0.0039    0.0047    0.0040    0.0039
    0.0008    0.0009    0.0008    0.0010    0.0009    0.0006    0.0008    0.0006    0.0007    0.0007
    0.1945    0.2168    0.2061    0.2232    0.2082    0.1482    0.1734    0.1564    0.2406    0.1931

  Columns 311 through 320

    0.4745    0.4930    0.4772    0.5789    0.7050    0.3852    0.4056    0.6162    0.4120    0.4960
    0.0036    0.0040    0.0035    0.0042    0.0051    0.0030    0.0030    0.0045    0.0032    0.0037
    0.0009    0.0008    0.0007    0.0005    0.0004    0.0012    0.0003    0.0012    0.0011    0.0008
    0.2153    0.1811    0.2239    0.1743    0.1322    0.2642    0.1923    0.1687    0.2244    0.1933

  Columns 321 through 330

    0.5210    0.4447    0.3039    0.7193    0.5089    0.5321    0.5076    0.4921    0.5483    0.4587
    0.0040    0.0033    0.0023    0.0049    0.0038    0.0040    0.0042    0.0037    0.0041    0.0035
    0.0008    0.0007    0.0012    0.0005    0.0008    0.0008    0.0008    0.0006    0.0006    0.0009
    0.1662    0.2679    0.3200    0.1645    0.1719    0.1940    0.2281    0.2428    0.1574    0.2144

  Columns 331 through 340

    0.5060    0.4995    0.6045    0.3947    0.4022    0.6585    0.5278    0.5984    0.5092    0.4865
    0.0038    0.0037    0.0047    0.0029    0.0033    0.0050    0.0041    0.0044    0.0039    0.0037
    0.0008    0.0008    0.0006    0.0011    0.0010    0.0005    0.0009    0.0006    0.0006    0.0008
    0.1861    0.1783    0.1662    0.2483    0.2215    0.1560    0.2016    0.1773    0.2077    0.2005

  Columns 341 through 350

    0.5563    0.3863    0.5768    0.4655    0.4073    0.5189    0.4407    0.4733    0.6957    0.4943
    0.0042    0.0027    0.0043    0.0035    0.0030    0.0039    0.0035    0.0037    0.0052    0.0037
    0.0011    0.0008    0.0009    0.0010    0.0010    0.0007    0.0010    0.0008    0.0004    0.0008
    0.2016    0.2996    0.2140    0.1975    0.2302    0.1932    0.2309    0.1952    0.1308    0.1825

  Columns 351 through 360

    0.4849    0.4774    0.3925    0.3482    0.4941    0.5686    0.5026    0.6930    0.5625    0.5090
    0.0038    0.0035    0.0030    0.0026    0.0039    0.0042    0.0037    0.0052    0.0043    0.0038
    0.0013    0.0009    0.0009    0.0008    0.0007    0.0007    0.0008    0.0011    0.0007    0.0009
    0.2046    0.1840    0.2436    0.3225    0.2062    0.1696    0.1900    0.1492    0.1901    0.2228

  Columns 361 through 370

    0.3853    0.4873    0.5682    0.6406    0.5297    0.8256    0.7766    0.5018    0.5397    0.3341
    0.0030    0.0036    0.0042    0.0049    0.0041    0.0060    0.0057    0.0039    0.0041    0.0042
    0.0012    0.0008    0.0005    0.0006    0.0007    0.0005    0.0006    0.0007    0.0005    0.0008
    0.2544    0.1894    0.2071    0.1624    0.2017    0.1491    0.1848    0.2000    0.1852    0.2242

  Columns 371 through 380

    0.5682    0.5165    0.5150    0.4890    0.5186    0.3191    0.5080    0.4985    0.5107    0.4261
    0.0045    0.0038    0.0039    0.0036    0.0040    0.0024    0.0040    0.0039    0.0038    0.0034
    0.0009    0.0008    0.0008    0.0010    0.0008    0.0011    0.0010    0.0010    0.0008    0.0009
    0.1765    0.1924    0.1901    0.2108    0.1789    0.2395    0.1872    0.2145    0.1770    0.2165

  Columns 381 through 390

    0.5033    0.4210    0.5091    0.6465    0.5173    0.5424    0.4719    0.5634    0.5046    0.4416
    0.0037    0.0034    0.0040    0.0050    0.0041    0.0041    0.0037    0.0043    0.0038    0.0034
    0.0008    0.0009    0.0008    0.0006    0.0010    0.0007    0.0008    0.0006    0.0008    0.0009
    0.1823    0.2139    0.2091    0.1656    0.2070    0.1602    0.1966    0.1579    0.1706    0.2173

  Columns 391 through 400

    0.4775    0.5341    0.3504    0.4563    0.5039    0.4671    0.7224    0.4259    0.5075    0.5094
    0.0037    0.0040    0.0027    0.0036    0.0039    0.0036    0.0054    0.0034    0.0038    0.0037
    0.0008    0.0006    0.0008    0.0010    0.0014    0.0008    0.0004    0.0011    0.0008    0.0007
    0.1945    0.1743    0.2947    0.2397    0.2089    0.2382    0.1675    0.2591    0.1897    0.2252

  Columns 401 through 410

    0.4761    0.5304    0.4886    0.8983    0.3817    0.3849    0.5570    0.4789    0.5102    0.3679
    0.0037    0.0036    0.0039    0.0062    0.0029    0.0032    0.0040    0.0037    0.0038    0.0029
    0.0009    0.0009    0.0008    0.0002    0.0005    0.0010    0.0007    0.0007    0.0008    0.0010
    0.2135    0.1719    0.1818    0.1607    0.1731    0.2377    0.2177    0.2443    0.1826    0.2433

  Columns 411 through 420

    0.5932    0.5034    0.4645    0.3952    0.4779    0.4336    0.4567    0.5176    0.4754    0.5045
    0.0043    0.0038    0.0036    0.0029    0.0036    0.0032    0.0031    0.0039    0.0037    0.0038
    0.0006    0.0009    0.0008    0.0013    0.0008    0.0009    0.0009    0.0006    0.0009    0.0008
    0.1743    0.1667    0.2115    0.2611    0.1989    0.2165    0.2091    0.1862    0.1797    0.2008

  Columns 421 through 430

    0.3629    0.6505    0.5028    0.5065    0.3925    0.5134    0.4954    0.5299    0.4957    0.7387
    0.0029    0.0049    0.0038    0.0038    0.0031    0.0040    0.0037    0.0039    0.0037    0.0058
    0.0010    0.0006    0.0008    0.0007    0.0013    0.0011    0.0010    0.0007    0.0009    0.0005
    0.2663    0.1470    0.1887    0.2003    0.2412    0.2067    0.2099    0.1841    0.2052    0.1652

  Columns 431 through 440

    0.4904    0.3622    0.5004    0.4943    0.4912    0.4811    0.5832    0.5026    0.4285    0.4759
    0.0037    0.0028    0.0040    0.0038    0.0037    0.0037    0.0042    0.0034    0.0031    0.0037
    0.0006    0.0007    0.0008    0.0008    0.0007    0.0008    0.0006    0.0008    0.0009    0.0008
    0.1924    0.2635    0.1775    0.1819    0.2048    0.1878    0.1447    0.1835    0.3054    0.1905

  Columns 441 through 450

    0.5771    0.4839    0.4089    0.6668    0.5161    0.4044    0.9548    0.4019    0.4263    0.4923
    0.0044    0.0036    0.0032    0.0049    0.0038    0.0030    0.0071    0.0031    0.0032    0.0038
    0.0008    0.0007    0.0009    0.0005    0.0006    0.0006    0.0002    0.0010    0.0009    0.0008
    0.2074    0.2944    0.2366    0.1278    0.2185    0.2216    0.0833    0.2424    0.2852    0.1953

  Columns 451 through 460

    0.7466    0.6582    0.4969    0.4581    0.4396    0.4766    0.4706    0.5077    0.4066    0.6972
    0.0055    0.0050    0.0038    0.0034    0.0034    0.0036    0.0035    0.0036    0.0032    0.0053
    0.0004    0.0005    0.0007    0.0007    0.0009    0.0008    0.0003    0.0008    0.0010    0.0006
    0.1361    0.1313    0.2035    0.2464    0.2116    0.1965    0.1752    0.1782    0.2423    0.1629

  Columns 461 through 470

    0.5232    0.6946    0.3428    0.4531    0.4076    0.5593    0.6146    0.5250    0.4384    0.4591
    0.0040    0.0051    0.0026    0.0034    0.0030    0.0043    0.0044    0.0039    0.0034    0.0035
    0.0007    0.0006    0.0012    0.0009    0.0010    0.0005    0.0006    0.0008    0.0008    0.0009
    0.1972    0.1356    0.2791    0.2861    0.2244    0.1417    0.1491    0.1819    0.2386    0.1964

  Columns 471 through 480

    0.7628    0.5376    0.7187    0.5779    0.5289    0.4889    0.5239    0.4347    0.4724    0.4121
    0.0056    0.0040    0.0052    0.0045    0.0038    0.0039    0.0039    0.0033    0.0036    0.0029
    0.0005    0.0007    0.0010    0.0008    0.0009    0.0008    0.0006    0.0006    0.0011    0.0010
    0.1419    0.1725    0.1431    0.2000    0.1821    0.2030    0.2170    0.1988    0.2145    0.2226

  Columns 481 through 490

    0.4934    0.4651    0.3663    0.5744    0.6767    0.5063    0.4770    0.3030    0.5470    0.3868
    0.0037    0.0037    0.0028    0.0045    0.0049    0.0038    0.0036    0.0023    0.0042    0.0029
    0.0007    0.0009    0.0011    0.0007    0.0006    0.0008    0.0009    0.0007    0.0008    0.0011
    0.1971    0.2271    0.2731    0.1561    0.1743    0.1955    0.2110    0.2845    0.2114    0.2609

  Columns 491 through 500

    0.5132    0.4813    0.5502    0.4921    0.5012    0.5458    0.5247    0.5132    0.3831    0.5094
    0.0039    0.0036    0.0043    0.0036    0.0037    0.0042    0.0040    0.0041    0.0029    0.0037
    0.0008    0.0010    0.0006    0.0008    0.0008    0.0009    0.0009    0.0010    0.0012    0.0008
    0.2007    0.1902    0.1646    0.2007    0.1862    0.1677    0.1675    0.2302    0.2569    0.1987

  Columns 501 through 510

    0.5492    0.6150    0.3911    0.5089    0.4280    0.4994    0.5945    0.4947    0.4954    0.5583
    0.0042    0.0044    0.0030    0.0038    0.0033    0.0037    0.0045    0.0036    0.0037    0.0043
    0.0006    0.0006    0.0010    0.0005    0.0010    0.0008    0.0006    0.0010    0.0008    0.0010
    0.1861    0.1956    0.2534    0.1983    0.2265    0.2600    0.1552    0.2392    0.1974    0.2010

  Columns 511 through 520

    0.4845    0.4936    0.5924    0.3695    0.5387    0.5046    0.5378    0.5162    0.5172    0.3820
    0.0038    0.0038    0.0044    0.0029    0.0040    0.0038    0.0041    0.0038    0.0039    0.0029
    0.0008    0.0008    0.0008    0.0010    0.0007    0.0008    0.0006    0.0008    0.0007    0.0011
    0.1781    0.1854    0.1572    0.2482    0.1735    0.2012    0.1931    0.2082    0.1829    0.2456

  Columns 521 through 530

    0.5631    0.5373    0.4040    0.4929    0.6314    0.6373    0.5017    0.4369    0.5083    0.5029
    0.0042    0.0040    0.0031    0.0037    0.0048    0.0048    0.0037    0.0035    0.0039    0.0036
    0.0006    0.0006    0.0008    0.0009    0.0004    0.0006    0.0009    0.0010    0.0011    0.0007
    0.1859    0.1654    0.2747    0.2081    0.1657    0.2029    0.2193    0.2080    0.2138    0.2085

  Columns 531 through 540

    0.3586    0.4245    0.4851    0.4990    0.2836    0.4391    0.3362    0.4655    0.4356    0.6073
    0.0027    0.0034    0.0037    0.0039    0.0021    0.0034    0.0028    0.0035    0.0030    0.0058
    0.0012    0.0013    0.0008    0.0009    0.0014    0.0005    0.0012    0.0009    0.0010    0.0012
    0.2771    0.2502    0.1860    0.2057    0.3594    0.2020    0.2717    0.2109    0.2258    0.1870

  Columns 541 through 550

    0.3412    0.5955    0.4759    0.3934    0.5101    0.3777    0.6474    0.4943    0.5057    0.5343
    0.0026    0.0044    0.0036    0.0033    0.0038    0.0029    0.0047    0.0038    0.0040    0.0040
    0.0008    0.0007    0.0010    0.0011    0.0008    0.0011    0.0006    0.0008    0.0011    0.0007
    0.2815    0.1710    0.1881    0.2161    0.1899    0.2538    0.1393    0.1898    0.2179    0.2013

  Columns 551 through 560

    0.4160    0.5065    0.5162    0.3759    0.5999    0.4370    0.4912    0.4626    0.5168    0.4792
    0.0032    0.0039    0.0038    0.0029    0.0045    0.0037    0.0038    0.0034    0.0040    0.0037
    0.0010    0.0008    0.0008    0.0010    0.0009    0.0009    0.0007    0.0011    0.0006    0.0009
    0.2059    0.1787    0.2014    0.2500    0.1828    0.1999    0.2051    0.1964    0.1558    0.2342

  Columns 561 through 570

    0.6560    0.5248    0.5705    0.4403    0.4956    0.5228    0.4874    0.7901    0.4691    0.4543
    0.0048    0.0040    0.0041    0.0033    0.0040    0.0040    0.0036    0.0057    0.0037    0.0035
    0.0005    0.0006    0.0007    0.0009    0.0008    0.0010    0.0009    0.0005    0.0008    0.0009
    0.1436    0.1656    0.2073    0.2122    0.2076    0.2067    0.2049    0.1586    0.1878    0.2200

  Columns 571 through 580

    0.2961    0.4703    0.7411    0.4369    0.5095    0.4330    0.4997    0.4882    0.6322    0.4323
    0.0024    0.0035    0.0054    0.0034    0.0038    0.0034    0.0038    0.0038    0.0047    0.0033
    0.0013    0.0009    0.0005    0.0008    0.0009    0.0009    0.0008    0.0008    0.0004    0.0009
    0.3105    0.2149    0.1205    0.2315    0.2243    0.2150    0.1823    0.2165    0.1556    0.2074

  Columns 581 through 590

    0.6481    0.5248    0.6374    0.6740    0.4449    0.6142    0.8547    0.4560    0.4509    0.5732
    0.0049    0.0039    0.0048    0.0049    0.0035    0.0046    0.0063    0.0036    0.0038    0.0044
    0.0010    0.0007    0.0004    0.0006    0.0009    0.0010    0.0002    0.0009    0.0008    0.0010
    0.1650    0.2197    0.1362    0.1587    0.2332    0.1616    0.1337    0.1990    0.1927    0.1736

  Columns 591 through 600

    0.5210    0.5080    0.5598    0.7134    0.4840    0.6811    0.6764    0.5131    0.4462    0.5245
    0.0037    0.0040    0.0041    0.0052    0.0037    0.0050    0.0051    0.0038    0.0034    0.0037
    0.0008    0.0010    0.0007    0.0006    0.0008    0.0004    0.0005    0.0008    0.0008    0.0009
    0.1846    0.2280    0.1829    0.1212    0.1996    0.1554    0.1670    0.2383    0.2394    0.1740

  Columns 601 through 610

    0.5297    0.4272    0.4383    0.4721    0.5025    0.4729    0.4886    0.4838    0.4835    0.5058
    0.0040    0.0033    0.0034    0.0034    0.0038    0.0035    0.0038    0.0037    0.0037    0.0040
    0.0007    0.0010    0.0009    0.0008    0.0008    0.0009    0.0008    0.0008    0.0010    0.0008
    0.1857    0.2299    0.1991    0.1977    0.1762    0.2658    0.1946    0.2011    0.2312    0.2012

  Columns 611 through 620

    0.6327    0.5680    0.4498    0.4798    0.5075    0.4624    0.3045    0.4570    0.5583    0.4842
    0.0047    0.0044    0.0033    0.0037    0.0037    0.0036    0.0023    0.0036    0.0040    0.0037
    0.0002    0.0005    0.0002    0.0008    0.0009    0.0008    0.0012    0.0009    0.0008    0.0011
    0.1205    0.1464    0.1961    0.1977    0.2070    0.2336    0.3119    0.1947    0.1608    0.2093

  Columns 621 through 630

    0.5148    0.4101    0.4093    0.7017    0.4846    0.4739    0.4868    0.4175    0.4109    0.5091
    0.0040    0.0034    0.0031    0.0051    0.0036    0.0035    0.0039    0.0031    0.0032    0.0039
    0.0008    0.0010    0.0008    0.0004    0.0008    0.0009    0.0011    0.0006    0.0014    0.0007
    0.1711    0.2182    0.2567    0.1622    0.2036    0.2018    0.2181    0.2206    0.2279    0.1985

  Columns 631 through 640

    0.3886    0.4194    0.4194    0.5954    0.5113    0.5041    0.6931    0.4815    0.5620    0.5030
    0.0029    0.0031    0.0034    0.0044    0.0039    0.0035    0.0051    0.0037    0.0042    0.0038
    0.0007    0.0009    0.0010    0.0004    0.0008    0.0008    0.0004    0.0009    0.0007    0.0007
    0.2299    0.2237    0.2513    0.1471    0.2000    0.1805    0.1523    0.2233    0.1601    0.2049

  Columns 641 through 650

    0.3906    0.6064    0.4946    0.5584    0.5970    0.4166    0.4909    0.5243    0.4389    0.5207
    0.0030    0.0045    0.0038    0.0041    0.0046    0.0033    0.0037    0.0038    0.0034    0.0041
    0.0011    0.0002    0.0009    0.0007    0.0009    0.0012    0.0008    0.0008    0.0009    0.0008
    0.2525    0.1229    0.2082    0.1690    0.1849    0.2331    0.1945    0.2002    0.2420    0.1637

  Columns 651 through 660

    0.5608    0.6386    0.5067    0.4981    0.5135    0.4944    0.4992    0.4731    0.4993    0.4998
    0.0042    0.0048    0.0038    0.0039    0.0039    0.0038    0.0037    0.0035    0.0039    0.0039
    0.0007    0.0007    0.0006    0.0007    0.0008    0.0008    0.0008    0.0009    0.0008    0.0008
    0.2282    0.1485    0.2120    0.2069    0.1866    0.1991    0.1849    0.2142    0.1830    0.1794

  Columns 661 through 670

    0.5375    0.5380    0.5016    0.5357    0.3507    0.5139    0.4694    0.4863    0.4471    0.4611
    0.0039    0.0041    0.0038    0.0041    0.0027    0.0039    0.0037    0.0039    0.0035    0.0036
    0.0005    0.0010    0.0008    0.0008    0.0007    0.0009    0.0008    0.0008    0.0006    0.0009
    0.2248    0.2041    0.1934    0.2193    0.2653    0.1789    0.2004    0.1803    0.2095    0.2166

  Columns 671 through 680

    0.3642    0.5423    0.4030    0.2846    0.5088    0.3549    0.5297    0.4711    0.5263    0.5538
    0.0027    0.0041    0.0030    0.0024    0.0039    0.0028    0.0040    0.0035    0.0039    0.0045
    0.0011    0.0005    0.0010    0.0010    0.0007    0.0009    0.0010    0.0009    0.0005    0.0007
    0.2407    0.1493    0.2348    0.2800    0.1669    0.2999    0.2024    0.2013    0.1881    0.1648

  Columns 681 through 690

    0.4848    0.4585    0.4998    0.3943    0.4021    0.4603    0.5471    0.5026    0.4222    0.4445
    0.0038    0.0034    0.0037    0.0031    0.0031    0.0035    0.0043    0.0040    0.0033    0.0034
    0.0007    0.0009    0.0006    0.0010    0.0007    0.0011    0.0010    0.0008    0.0009    0.0006
    0.2346    0.2018    0.1657    0.2457    0.2260    0.1954    0.2013    0.1903    0.2301    0.2076

  Columns 691 through 700

    0.6704    0.4697    0.5077    0.5213    0.4244    0.5029    0.4118    0.5366    0.4656    0.7156
    0.0051    0.0034    0.0037    0.0035    0.0032    0.0039    0.0031    0.0038    0.0035    0.0051
    0.0011    0.0007    0.0008    0.0002    0.0009    0.0013    0.0010    0.0008    0.0009    0.0005
    0.1562    0.2264    0.2019    0.2019    0.2151    0.1899    0.2295    0.1871    0.2195    0.1909

  Columns 701 through 710

    0.4721    0.5912    0.5114    0.4914    0.3826    0.4507    0.4805    0.4564    0.3564    0.6677
    0.0035    0.0047    0.0038    0.0038    0.0028    0.0035    0.0035    0.0034    0.0026    0.0051
    0.0008    0.0010    0.0008    0.0011    0.0012    0.0010    0.0007    0.0008    0.0007    0.0005
    0.2013    0.1997    0.1778    0.2267    0.2549    0.1960    0.2159    0.2125    0.2617    0.1872

  Columns 711 through 720

    0.2935    0.6347    0.5136    0.4549    0.4929    0.4103    0.4351    0.6049    0.4277    0.4984
    0.0021    0.0047    0.0039    0.0034    0.0037    0.0031    0.0033    0.0044    0.0030    0.0036
    0.0007    0.0006    0.0008    0.0009    0.0006    0.0009    0.0009    0.0003    0.0011    0.0008
    0.3568    0.1309    0.1712    0.2258    0.2127    0.2282    0.2147    0.1811    0.2067    0.2202

  Columns 721 through 730

    0.4382    0.4528    0.4758    0.4269    0.4236    0.6951    0.4949    0.5183    0.3428    0.5677
    0.0032    0.0034    0.0035    0.0032    0.0032    0.0051    0.0039    0.0039    0.0028    0.0039
    0.0009    0.0010    0.0008    0.0006    0.0009    0.0005    0.0007    0.0010    0.0011    0.0007
    0.2204    0.1947    0.2068    0.1925    0.2205    0.1445    0.2060    0.1796    0.2847    0.1937

  Columns 731 through 740

    0.2142    0.5157    0.4543    0.4738    0.4108    0.6849    0.5228    0.5013    0.6499    0.5110
    0.0016    0.0038    0.0035    0.0034    0.0030    0.0048    0.0041    0.0038    0.0047    0.0040
    0.0014    0.0008    0.0011    0.0007    0.0010    0.0002    0.0008    0.0010    0.0003    0.0008
    0.5443    0.1717    0.2140    0.3006    0.2159    0.1592    0.1781    0.2098    0.1266    0.2254

  Columns 741 through 750

    0.5036    0.4907    0.4124    0.5269    0.4598    0.4100    0.4601    0.5199    0.4802    0.4919
    0.0037    0.0037    0.0032    0.0038    0.0035    0.0031    0.0038    0.0039    0.0037    0.0037
    0.0008    0.0008    0.0010    0.0006    0.0009    0.0011    0.0008    0.0008    0.0008    0.0008
    0.1912    0.1818    0.2221    0.2238    0.1949    0.2325    0.2200    0.1800    0.1881    0.2358

  Columns 751 through 760

    0.4381    0.4598    0.4800    0.5001    0.2879    0.7666    0.4237    0.6586    0.5523    0.4769
    0.0033    0.0035    0.0039    0.0038    0.0022    0.0056    0.0034    0.0048    0.0040    0.0037
    0.0009    0.0011    0.0008    0.0008    0.0009    0.0005    0.0009    0.0005    0.0006    0.0012
    0.2140    0.2122    0.1812    0.1918    0.3398    0.1407    0.2100    0.1349    0.2791    0.2302

  Columns 761 through 770

    0.5473    0.5094    0.5025    0.2811    0.5114    0.4878    0.3285    0.3910    0.5421    0.6085
    0.0042    0.0038    0.0039    0.0021    0.0037    0.0037    0.0025    0.0029    0.0040    0.0045
    0.0011    0.0008    0.0011    0.0008    0.0008    0.0009    0.0008    0.0011    0.0006    0.0003
    0.1965    0.1849    0.2140    0.2850    0.1813    0.2070    0.2741    0.2588    0.1605    0.1275

  Columns 771 through 780

    0.7234    0.4541    0.4772    0.5882    0.5135    0.6283    0.5033    0.5055    0.4315    0.5503
    0.0055    0.0034    0.0038    0.0044    0.0040    0.0048    0.0037    0.0039    0.0041    0.0040
    0.0005    0.0009    0.0008    0.0007    0.0011    0.0005    0.0008    0.0008    0.0008    0.0007
    0.1262    0.1965    0.1848    0.1594    0.1777    0.1378    0.1789    0.2027    0.1915    0.1851

  Columns 781 through 790

    0.1705    0.4889    0.5087    0.5232    0.3294    0.4990    0.3860    0.4781    0.5410    0.5533
    0.0013    0.0038    0.0041    0.0039    0.0026    0.0039    0.0028    0.0036    0.0040    0.0041
    0.0014    0.0008    0.0010    0.0008    0.0009    0.0011    0.0011    0.0008    0.0006    0.0008
    0.5532    0.1969    0.2105    0.2164    0.3191    0.2405    0.2227    0.2249    0.1703    0.2076

  Columns 791 through 800

    0.4275    0.3694    0.5051    0.4695    0.4125    0.2806    0.4010    0.4967    0.5202    0.4815
    0.0035    0.0028    0.0038    0.0038    0.0034    0.0021    0.0030    0.0036    0.0039    0.0036
    0.0009    0.0008    0.0006    0.0008    0.0009    0.0007    0.0010    0.0008    0.0009    0.0008
    0.2200    0.2553    0.1929    0.2018    0.2206    0.2993    0.2402    0.1891    0.1997    0.2143

  Columns 801 through 810

    0.4919    0.4823    0.4239    0.3761    0.4947    0.3181    0.4981    0.5540    0.4390    0.5012
    0.0038    0.0038    0.0031    0.0041    0.0037    0.0022    0.0037    0.0041    0.0033    0.0039
    0.0008    0.0008    0.0010    0.0007    0.0008    0.0005    0.0008    0.0005    0.0009    0.0008
    0.1810    0.2138    0.2093    0.2657    0.2091    0.3230    0.2096    0.1452    0.2144    0.2106

  Columns 811 through 820

    0.5039    0.5724    0.5080    0.3471    0.4962    0.6894    0.4758    0.3851    0.4295    0.3872
    0.0037    0.0043    0.0038    0.0026    0.0038    0.0051    0.0035    0.0030    0.0034    0.0030
    0.0008    0.0009    0.0008    0.0007    0.0007    0.0005    0.0008    0.0009    0.0010    0.0010
    0.1907    0.2081    0.1869    0.2623    0.1756    0.1429    0.2088    0.2805    0.2562    0.2416

  Columns 821 through 830

    0.4850    0.4923    0.3958    0.4969    0.6000    0.5094    0.4723    0.4962    0.4790    0.6831
    0.0036    0.0038    0.0030    0.0037    0.0044    0.0039    0.0036    0.0035    0.0038    0.0051
    0.0008    0.0008    0.0009    0.0008    0.0007    0.0007    0.0008    0.0008    0.0008    0.0004
    0.2036    0.1920    0.2651    0.1989    0.1716    0.2099    0.2011    0.1888    0.1851    0.1633

  Columns 831 through 840

    0.3445    0.4972    0.4840    0.5407    0.2670    0.5255    0.3877    0.4809    0.5057    0.3562
    0.0027    0.0038    0.0037    0.0039    0.0020    0.0038    0.0029    0.0035    0.0037    0.0028
    0.0013    0.0009    0.0008    0.0005    0.0015    0.0008    0.0011    0.0009    0.0008    0.0009
    0.2831    0.2091    0.2033    0.2279    0.3569    0.1635    0.2311    0.1926    0.1740    0.3056

  Columns 841 through 850

    0.3703    0.4444    0.7074    0.4982    0.4934    0.5568    0.3977    0.5613    0.3139    0.5212
    0.0028    0.0035    0.0052    0.0040    0.0037    0.0041    0.0029    0.0042    0.0024    0.0040
    0.0014    0.0015    0.0006    0.0006    0.0008    0.0008    0.0008    0.0007    0.0011    0.0008
    0.2718    0.2151    0.1701    0.1656    0.1876    0.2361    0.3030    0.1827    0.3104    0.1795

  Columns 851 through 860

    0.5313    0.5121    0.8036    0.5040    0.4917    0.3445    0.5735    0.5079    0.5974    0.4582
    0.0039    0.0039    0.0057    0.0041    0.0037    0.0027    0.0042    0.0038    0.0045    0.0035
    0.0009    0.0007    0.0004    0.0009    0.0008    0.0013    0.0007    0.0008    0.0006    0.0006
    0.2152    0.1967    0.1406    0.2282    0.1943    0.2850    0.2033    0.1680    0.1508    0.2074

  Columns 861 through 870

    0.5004    0.4405    0.5043    0.5568    0.5728    0.5040    0.7307    0.4475    0.4142    0.4981
    0.0038    0.0036    0.0038    0.0040    0.0040    0.0039    0.0053    0.0036    0.0032    0.0038
    0.0008    0.0010    0.0007    0.0007    0.0007    0.0008    0.0005    0.0012    0.0009    0.0008
    0.2280    0.1938    0.1964    0.2154    0.1938    0.1841    0.1408    0.2080    0.2242    0.2020

  Columns 871 through 880

    0.4565    0.4450    0.5038    0.5479    0.4679    0.5228    0.4932    0.3596    0.5040    0.5170
    0.0035    0.0035    0.0038    0.0041    0.0035    0.0040    0.0037    0.0045    0.0038    0.0040
    0.0009    0.0010    0.0008    0.0012    0.0008    0.0012    0.0005    0.0008    0.0008    0.0007
    0.2136    0.2287    0.1988    0.2072    0.1972    0.2081    0.1872    0.2388    0.2020    0.1986

  Columns 881 through 890

    0.6210    0.5278    0.4069    0.4969    0.6662    0.3333    0.5381    0.5661    0.4783    0.5192
    0.0047    0.0040    0.0032    0.0038    0.0049    0.0025    0.0041    0.0044    0.0035    0.0039
    0.0007    0.0009    0.0009    0.0008    0.0005    0.0009    0.0006    0.0008    0.0008    0.0006
    0.1969    0.1696    0.2267    0.1915    0.1336    0.3474    0.1748    0.2127    0.2569    0.2073

  Columns 891 through 900

    0.4971    0.5501    0.4200    0.5100    0.5002    0.5701    0.4947    0.5655    0.4552    0.3516
    0.0039    0.0043    0.0032    0.0037    0.0039    0.0045    0.0039    0.0044    0.0037    0.0026
    0.0007    0.0009    0.0010    0.0008    0.0008    0.0013    0.0009    0.0011    0.0009    0.0007
    0.2073    0.1912    0.2403    0.1730    0.1960    0.1978    0.1596    0.1946    0.1933    0.2667

  Columns 901 through 910

    0.4684    0.2261    0.4393    0.4612    0.5140    0.5611    0.5107    0.5087    0.4479    0.3997
    0.0036    0.0017    0.0041    0.0032    0.0038    0.0043    0.0040    0.0038    0.0034    0.0032
    0.0007    0.0010    0.0009    0.0009    0.0008    0.0009    0.0007    0.0007    0.0012    0.0008
    0.2339    0.3688    0.1871    0.2065    0.1770    0.2137    0.2125    0.1892    0.2315    0.2699

  Columns 911 through 920

    0.6329    0.3692    0.7010    0.5254    0.5034    0.5397    0.4095    0.5013    0.3865    0.4717
    0.0047    0.0028    0.0051    0.0038    0.0039    0.0041    0.0032    0.0038    0.0029    0.0036
    0.0007    0.0011    0.0005    0.0008    0.0008    0.0008    0.0009    0.0008    0.0011    0.0009
    0.1453    0.2843    0.1549    0.1618    0.1980    0.1708    0.2374    0.1965    0.2608    0.1924

  Columns 921 through 930

    0.5256    0.4988    0.4775    0.4829    0.5448    0.5125    0.6317    0.4175    0.4898    0.4901
    0.0039    0.0037    0.0036    0.0037    0.0042    0.0038    0.0046    0.0033    0.0039    0.0038
    0.0008    0.0008    0.0009    0.0008    0.0002    0.0008    0.0005    0.0011    0.0010    0.0008
    0.1652    0.1965    0.2121    0.2011    0.2071    0.1864    0.1632    0.2131    0.2149    0.1967

  Columns 931 through 940

    0.4472    0.5130    0.5197    0.4742    0.4029    0.5115    0.5180    0.4966    0.4951    0.5064
    0.0034    0.0038    0.0048    0.0037    0.0032    0.0038    0.0040    0.0040    0.0038    0.0039
    0.0009    0.0008    0.0012    0.0008    0.0008    0.0006    0.0008    0.0007    0.0011    0.0007
    0.2064    0.1751    0.2070    0.2116    0.2662    0.2439    0.2054    0.1906    0.2080    0.1851

  Columns 941 through 950

    0.5706    0.5127    0.5085    0.4934    0.5673    0.3274    0.5758    0.4246    0.4666    0.5037
    0.0043    0.0038    0.0040    0.0034    0.0044    0.0024    0.0043    0.0033    0.0037    0.0038
    0.0007    0.0008    0.0008    0.0009    0.0006    0.0007    0.0005    0.0006    0.0008    0.0008
    0.2114    0.1732    0.2093    0.1855    0.1803    0.3358    0.2054    0.2292    0.2207    0.1812

  Columns 951 through 960

    0.4944    0.5277    0.5497    0.9793    0.5197    0.3859    0.4788    0.4282    0.4899    0.4098
    0.0038    0.0039    0.0043    0.0072    0.0038    0.0030    0.0037    0.0035    0.0038    0.0032
    0.0008    0.0008    0.0008    0.0003    0.0007    0.0009    0.0009    0.0009    0.0008    0.0013
    0.1792    0.2208    0.2101    0.1193    0.2060    0.2494    0.2086    0.2214    0.1736    0.2483

  Columns 961 through 970

    0.4970    0.5369    0.4613    0.4341    0.4989    0.5876    0.5021    0.4167    0.7081    0.4983
    0.0036    0.0041    0.0036    0.0032    0.0037    0.0043    0.0036    0.0032    0.0052    0.0037
    0.0002    0.0006    0.0009    0.0011    0.0008    0.0007    0.0008    0.0011    0.0004    0.0008
    0.1992    0.1590    0.1919    0.2348    0.1923    0.1577    0.1703    0.2367    0.1625    0.2016

  Columns 971 through 980

    0.3387    0.4191    0.5265    0.3481    0.5300    0.4928    0.4856    0.5346    0.5638    0.5048
    0.0027    0.0034    0.0041    0.0027    0.0040    0.0039    0.0036    0.0040    0.0044    0.0036
    0.0012    0.0010    0.0010    0.0013    0.0008    0.0008    0.0009    0.0007    0.0006    0.0008
    0.2817    0.2174    0.2051    0.3106    0.1704    0.1769    0.1825    0.1755    0.1634    0.1794

  Columns 981 through 990

    0.5312    0.3301    0.5101    0.3634    0.4973    0.7018    0.3613    0.4978    0.5243    0.7143
    0.0043    0.0027    0.0038    0.0032    0.0038    0.0051    0.0029    0.0038    0.0039    0.0051
    0.0010    0.0012    0.0008    0.0010    0.0007    0.0004    0.0011    0.0009    0.0006    0.0005
    0.1902    0.2802    0.1795    0.2327    0.2083    0.1612    0.2598    0.2077    0.1841    0.1674

  Columns 991 through 1000

    0.4174    0.6349    0.3360    0.3581    0.4845    0.7438    0.5120    0.4945    0.5189    0.6191
    0.0034    0.0048    0.0025    0.0029    0.0037    0.0052    0.0038    0.0038    0.0040    0.0048
    0.0010    0.0005    0.0012    0.0010    0.0007    0.0004    0.0007    0.0008    0.0010    0.0006
    0.2133    0.1395    0.2861    0.2733    0.2048    0.1493    0.2018    0.1840    0.2160    0.1673

With confidence of .95, a10 lies within 0.4921 < 0.4978 < 0.5034 with an error of 0.4489%
With confidence of .95, a12 lies within 0.0037 < 0.0038 < 0.0038 with an error of 0.8411%
With confidence of .95, a21 lies within 0.0008 < 0.0008 < 0.0008 with an error of 9.1169%
With confidence of .95, a20 lies within 0.2033 < 0.2059 < 0.2085 with an error of 2.9560%


N=60

thetahat =

  Columns 1 through 10

    0.0428    0.9469    0.7040    0.0412   -5.7447    0.3754   -0.0495    0.8579   -3.0165    0.9483
    0.0034    0.0855    0.0505    0.0037   -0.3621    0.0336    0.0232    0.0522   -0.1543    0.0618
    0.0153    0.0104    0.0166    0.0778    0.0043    0.0116    0.0159    0.0135    0.0174    0.0027
    0.6303    0.1356    0.2178    3.3453    0.1385    0.1617    0.1758    0.1983    0.4256    0.2563

  Columns 11 through 20

    1.1886   -2.3289    2.7677    0.0071  -11.2458   -4.9344    0.7838    0.0497    0.9977   -1.5000
    0.0844   -0.1400    0.1814    0.0006   -0.7914   -0.2679    0.0637    0.0036    0.0753   -0.0609
    0.0086    0.0061    0.0005    0.1487    0.0017    0.0115    0.0317    0.0624    0.0105    0.0366
    0.1757    0.1963    0.0845    6.5891    0.1342    0.2360    0.2580    2.6078    0.1376    0.9831

  Columns 21 through 30

    1.6039   -0.2884   -6.0197    0.0632    0.7450    0.0252    0.0062    0.0087   -2.1623    0.7295
    0.1020   -0.0101   -0.2273    0.0044    0.0645    0.0025    0.0005    0.0017   -0.0929    0.0627
    0.0000    0.0321    0.0767    0.0327    0.0173    0.0147    0.1989    0.0352    0.0363    0.0171
    0.0773    1.1102    1.3745    1.3740    0.2129    0.5988    8.8049    1.4012    0.9288    0.2404

  Columns 31 through 40

    0.0688  -45.2795    0.2290    1.4546    0.1029    1.1963   -0.1791    0.5639    0.0645   -2.9812
    0.0045   -2.1253    0.0183    0.1012    0.0072    0.0846    0.0058    0.0505    0.0050   -0.1491
    0.0300    0.0607    0.0170    0.0085    0.0382    0.0086    0.0044    0.0104    0.0445    0.0234
    1.1870    0.0494    0.5424    0.1674    1.6334    0.1092    0.0628    0.2028    1.8856    0.6062

  Columns 41 through 50

   -0.6987    0.3297   -1.8159    0.2047    1.5605    0.5225    0.4511    1.1669   -1.6128    0.0495
    0.0220    0.0291   -0.1022    0.0197    0.1207    0.0358    0.0320    0.0852   -0.0769    0.0040
    0.0303    0.0016    0.0131    0.0157    0.0140    0.0168    0.0136    0.0127    0.0170    0.0369
    0.1650    0.5001    0.4282    0.3382    0.1610    0.3277    0.2380    0.1674    0.4419    1.4929

  Columns 51 through 60

    0.4567   -8.5681   -1.6089   -2.1936  -17.6966    1.8491    0.2084    1.3008    0.6941    1.6130
    0.0283   -0.5389   -0.0609   -0.1305   -0.8836    0.1261    0.0139    0.1180    0.0397    0.1409
    0.0018    0.0043    0.0394    0.0065    0.0214    0.0001    0.0154    0.0126    0.0088    0.0139
    0.3233    0.1253    0.9749    0.2068    0.0855    0.1031    0.4452    0.1198    0.3786    0.1080

  Columns 61 through 70

    0.5233    1.3468    0.5664   -3.7165    0.0722   -2.9520    1.9271    0.5616    1.3186   -2.0430
    0.0354    0.1004    0.0614   -0.1962    0.0040   -0.1134    0.1597    0.0386    0.0941   -0.1032
    0.0132    0.0001    0.0179    0.0083    0.0300    0.0557    0.0096    0.0050    0.0148    0.0181
    0.2798    0.1271    0.2503    0.1428    1.4415    1.2657    0.0839    0.2835    0.1235    0.4974

  Columns 71 through 80

    0.5118    1.7169    0.3339    1.3854    0.6150    0.6513    5.3372    2.3361    0.7273    0.8523
    0.0327    0.1245    0.0241    0.0798    0.0520    0.0542    0.3525    0.1549    0.0609    0.0683
    0.0176    0.0083    0.0107    0.0003    0.0099    0.0151    0.0000    0.0000    0.0138    0.0120
    0.3949    0.0740    0.3190    0.0958    0.1918    0.2024    0.0240    0.0907    0.1888    0.1595

  Columns 81 through 90

    0.0088    0.0077    0.7281    0.6947   -2.0738   -2.4259    2.7947    0.5557    1.5374    1.0284
    0.0008    0.0008    0.0476    0.0604   -0.1297   -0.1363    0.1474    0.0534    0.0869    0.0715
    0.0553    0.1299    0.0108    0.0062    0.0052    0.0076    0.0001    0.0201    0.0000    0.0000
    2.3992    5.6995    0.2398    0.1603    0.1927    0.2015    0.0989    0.2762    0.1182    0.0937

  Columns 91 through 100

    0.6462    1.1226    0.0601   -3.5174    0.6044    0.1914   -3.0585    0.0115    1.3927    0.0162
    0.0502    0.0881    0.0036   -0.1917    0.0489    0.0118   -0.1621    0.0010    0.0912    0.0038
    0.0153    0.0043    0.0460    0.0101    0.0003    0.0118    0.0096    0.0590    0.0011    0.0182
    0.2520    0.0988    1.8786    0.2311    0.2429    0.7451    0.2039    2.6025    0.1530    0.6346

  Columns 101 through 110

   -4.0473    1.8912    1.4357   -4.3900   -0.0431    0.8014   -7.0023    0.2171    0.9504   -0.5069
   -0.2126    0.1264    0.0935   -0.2605    0.0116    0.0661   -0.3714    0.0167    0.0686   -0.0420
    0.0138    0.0000    0.0000    0.0092    0.0142    0.0151    0.0116    0.0156    0.0143    0.0040
    0.2953    0.0612    0.1156    0.2688    0.2523    0.2124    0.1622    0.4448    0.1992    0.2500

  Columns 111 through 120

    1.0468   -4.2267   -6.3674    1.4009   -6.5972    1.0859    2.0168   -0.3288   -0.8360    0.5824
    0.0749   -0.2226   -0.2929    0.0912   -0.4726    0.0936    0.1804   -0.0100   -0.0377    0.0395
    0.0097    0.0317    0.0170    0.0106    0.0007    0.0114    0.0242    0.0344    0.0225    0.0193
    0.1294    0.9057    0.1398    0.1162    0.0711    0.1255    0.1143    1.1166    0.6950    0.3366

  Columns 121 through 130

   -3.3990    0.6326    0.5334    0.0428   -3.3643    1.0112    0.1438    0.7034    0.7142    1.5457
   -0.1908    0.0534    0.0381    0.0033   -0.2420    0.1019    0.0114    0.0450    0.0650    0.1096
    0.0125    0.0168    0.0022    0.0697    0.0045    0.0126    0.0249    0.0001    0.0135    0.0084
    0.3472    0.2211    0.2435    3.0660    0.2678    0.1236    0.8665    0.2224    0.2762    0.1307

  Columns 131 through 140

    0.0410    0.3456    1.3095  -27.9796    0.7925    2.5531    0.1629    1.5991   -2.8074    0.4987
    0.0030    0.0399    0.0865   -1.3283    0.0631    0.3056    0.0104    0.1160   -0.1454    0.0333
    0.0834    0.0113    0.0103    0.0395    0.0243    0.0138    0.0290    0.0067    0.0438    0.0220
    3.6124    0.2894    0.1156    0.0821    0.2286    0.0525    1.2501    0.0959    1.4284    0.3349

  Columns 141 through 150

   -0.3559    0.6362    4.1365   -3.8037    0.0168    0.7950   -1.3283  -39.3624    0.0497    0.4177
   -0.0104    0.0461    0.2591   -0.0886    0.0011    0.0622   -0.0803   -1.9899    0.0038    0.0310
    0.0214    0.0124    0.0001    0.0443    0.0937    0.0135    0.0271    0.0425    0.0586    0.0006
    0.6148    0.1806    0.0412    0.1536    4.0949    0.1780    1.1019    0.1525    2.7473    0.3826

  Columns 151 through 160

    1.7646    2.2001    0.1731    0.1517    2.0873    0.0117   -2.0343    0.0099    0.0093   -8.1275
    0.1515    0.1419    0.0135    0.0114    0.1893    0.0010   -0.0746    0.0008    0.0010   -0.3431
    0.0036    0.0001    0.0201    0.0190    0.0042    0.0996    0.0307    0.1318    0.1327    0.0301
    0.0889    0.0919    0.6997    0.5458    0.1163    4.3851    0.5782    5.7853    5.8035    0.2234

  Columns 161 through 170

    0.7083    1.1081    0.6823    2.0499    0.5882    0.4761    1.1361    0.5208   -1.6160    0.5663
    0.0455    0.0664    0.0590    0.1618    0.0370    0.0391    0.0905    0.0314   -0.0889    0.0449
    0.0148    0.0088    0.0204    0.0131    0.0001    0.0137    0.0088    0.0013    0.0191    0.0127
    0.2946    0.1968    0.2651    0.0916    0.4483    0.2065    0.2872    0.0793    0.6513    0.2870

  Columns 171 through 180

    0.3400    0.1840    3.0269    0.5569    0.4039    0.3584    0.5766  -11.1279    0.7000    0.0498
    0.0274    0.0119    0.2384    0.0441    0.0460    0.0232    0.0389    0.3835    0.0498    0.0041
    0.0083    0.0127    0.0068    0.0144    0.0074    0.0009    0.0126    0.0704    0.0104    0.0476
    0.1979    0.3692    0.0623    0.4518    0.1941    0.3806    0.2767    0.0341    0.2012    1.8409

  Columns 181 through 190

   -5.8020    0.0562    1.6097   -2.3858    2.0334    2.4358    0.7101   -0.2034   -1.2764    0.9917
   -0.2121    0.0037    0.0836   -0.0875    0.1591    0.2037    0.0489    0.0082   -0.0631    0.0681
    0.0996    0.0785    0.0002    0.0586    0.0035    0.0184    0.0143    0.0080    0.0094    0.0071
    2.0042    3.3260    0.1627    1.3988    0.0656    0.0947    0.2299    0.1463    0.2346    0.1006

  Columns 191 through 200

   -2.7203    0.1110    0.0744    1.2945   -6.8473    2.3543   -0.9020    0.2551    0.0706    0.1474
   -0.1283    0.0066    0.0539    0.0479   -0.3884    0.1576   -0.0352    0.0536    0.0055    0.0102
    0.0106    0.0141    0.0124    0.0000    0.0078    0.0000    0.0264    0.0039    0.0290    0.0164
    0.1568    0.7284    0.1018    0.0191    0.1380    0.0615    0.7203    0.0570    1.0761    0.5720

  Columns 201 through 210

    0.0071    1.0775    0.2913    0.8374    0.8588    1.5541   -5.0046    0.5953    1.4126    1.6988
    0.0016    0.0949    0.0204    0.0639    0.0609    0.1087   -0.3391    0.0442    0.0939    0.1364
    0.0864    0.0151    0.0207    0.0138    0.0104    0.0064    0.0048    0.0086    0.0077    0.0049
    3.6489    0.1485    0.6206    0.1851    0.1507    0.1298    0.2350    0.1803    0.1003    0.1367

  Columns 211 through 220

    0.9652    0.3524   -0.0879   -2.8726   -4.4457   -0.0455    0.6176    1.1071    0.6616    2.8580
    0.0746    0.0276   -0.0021   -0.1159   -0.1599    0.0250    0.0485    0.0896    0.0551    0.2155
    0.0005    0.0051    0.0095    0.0408    0.0256    0.0168    0.0229    0.0296    0.0160    0.0000
    0.1472    0.3152    0.3252    0.8810    0.1518    0.1838    0.2681    0.1992    0.2122    0.0617

  Columns 221 through 230

    0.7438   -1.5825    0.7631    3.3369    0.5778    0.4027    1.3412    0.0130    0.0211    0.8338
    0.0597   -0.0618    0.0614    0.2363    0.0428    0.0333    0.0877    0.0010    0.0016    0.0675
    0.0149    0.0291    0.0149    0.0000    0.0140    0.0113    0.0149    0.0927    0.0755    0.0139
    0.1964    0.6686    0.2011    0.0632    0.2716    0.2777    0.0736    4.0595    3.2569    0.1967

  Columns 231 through 240

    1.0051    0.8060   22.0033   -0.3651    0.6264   -0.5240   -1.3147   -4.9870    1.1361    0.4839
    0.0557    0.0626    2.6890   -0.0193    0.0458   -0.0008   -0.0641   -0.2331    0.0728    0.0330
    0.0004    0.0174    0.2452    0.0275    0.0151    0.0170    0.0110    0.0780    0.0005    0.0086
    0.2233    0.2505    0.0374    1.0997    0.2721    0.2331    0.2744    2.2044    0.1113    0.2164

  Columns 241 through 250

    0.8727    0.0344    0.4342    3.3091    0.0195    0.0297    0.2431    0.0120  -14.4789    5.1990
    0.0547    0.0025    0.0353    0.2234    0.0015    0.0022    0.0166    0.0009   -0.9210    0.4048
    0.0037    0.0489    0.0006    0.0039    0.1052    0.0762    0.0178    0.1915    0.0050    0.0088
    0.2960    2.1579    0.3791    0.0541    4.4667    3.3945    0.6363    8.5437    0.1477    0.0419

  Columns 251 through 260

    0.4630    1.6790    0.0760    0.3791    1.1399    1.6525    0.6555         0    0.3698   -0.0058
    0.0386    0.1311    0.0067    0.0411    0.0908    0.1252    0.0466         0    0.0223    0.0006
    0.0307    0.0067    0.0243    0.0120    0.0073    0.0164    0.0186         0    0.0024    0.0212
    0.4300    0.0813    0.9730    0.1821    0.1381    0.0978    0.2985         0    0.2628    0.8487

  Columns 261 through 270

    0.0555    2.2801    1.0813    0.1892    2.8603   -4.0782    0.9080    3.7767    0.4131    2.3665
    0.0044    0.1542    0.0716    0.0265    0.2339   -0.1654    0.0734    0.3715    0.0325    0.3323
    0.0201    0.0112    0.0112    0.0173    0.0195    0.0762    0.0265    0.0245    0.0092    0.1118
    0.8844    0.0593    0.2122    0.4912    0.0637    1.8628    0.2358    0.0958    0.2171    0.2456

  Columns 271 through 280

   -2.7408    0.5123    1.6217    1.0673    0.4261   -3.0242   -3.0994   -2.0446    0.0969    4.6446
   -0.1305    0.0372    0.1087    0.0774    0.0485   -0.1738   -0.1197   -0.1009    0.0099    0.3060
    0.0360    0.0208    0.0072    0.0085    0.0072    0.0140    0.0553    0.0376    0.0219    0.0000
    0.9971    0.3561    0.1410    0.1048    0.1356    0.4393    1.2355    1.1880    0.7027    0.0313

  Columns 281 through 290

    0.0677    0.7162    0.5770   -1.2888   -8.4827   -1.1229   -1.9664   -5.8716    1.7275   -5.4300
    0.0045    0.0543    0.0572   -0.0590   -0.4914   -0.0483   -0.1013   -0.4005    0.1049   -0.4074
    0.0395    0.0240    0.0155    0.0314    0.0163    0.0219    0.0111    0.0024    0.0001    0.0024
    1.6129    0.2734    0.2318    0.9643    0.4196    0.5863    0.2745    0.1284    0.1336    0.2150

  Columns 291 through 300

    0.0751    0.0091    0.2100    0.0057    0.6427    2.7766   -0.2791    0.4962   -5.7439    0.5169
    0.0065    0.0009    0.0152    0.0006    0.0421    0.1947   -0.0109    0.0394   -0.3226    0.0415
    0.0223    0.1499    0.0256    0.1490    0.0002    0.0049    0.0141    0.0158    0.0079    0.0188
    0.8108    6.5597    0.9920    6.5186    0.1641    0.0438    0.4472    0.4507    0.1445    0.3078

  Columns 301 through 310

    0.0119   -0.0978    0.2805   -0.2387    0.9697    0.0422   -0.1003    0.0981    0.2741   -2.5692
    0.0009   -0.0053    0.0204   -0.0034    0.0767    0.0033   -0.0039    0.0072    0.0208   -0.1475
    0.1530    0.0065    0.0213    0.0256    0.0128    0.0381    0.0194    0.0463    0.0211    0.0076
    6.6856    0.2798    0.6080    0.7025    0.1769    1.6414    0.7657    2.0206    0.6515    0.2163

  Columns 311 through 320

    0.5923   -2.7258   -1.5733   -0.1173    0.6925   -1.7553    0.8817    0.5770    0.1716   -2.0656
    0.0503   -0.1527   -0.0704    0.0052    0.0567    0.1062    0.0649    0.0487    0.0291   -0.1007
    0.0133    0.0186    0.0356    0.0045    0.0150    0.0153    0.0066    0.0107    0.0089    0.0063
    0.2469    0.5969    1.0458    0.1287    0.1996    0.0292    0.1231    0.2555    0.1372    0.0958

  Columns 321 through 330

    1.5613    0.6831   -1.7548  -12.2343   -7.7115    0.4301    4.0546   -0.1845   -6.3949    3.2331
    0.0953    0.0562   -0.0712    0.4429   -0.2869    0.0289    0.3428   -0.0070   -0.3447    0.2207
    0.0078    0.0194    0.0260   -0.0819    0.0349    0.0053    0.0131    0.0110    0.0168    0.0000
    0.1062    0.2344    0.5773    0.0147    0.1425    0.1498    0.0577    0.3602    0.3537    0.0489

  Columns 331 through 340

    0.0820    1.5849    0.4378    1.7000    0.2070    0.0324    0.0177    1.0642   -0.4146   -3.4237
    0.0064    0.0946    0.0297    0.1099    0.0212    0.0031    0.0013    0.0837   -0.0024   -0.1327
    0.0605    0.0000    0.0165    0.0000    0.0151    0.0655    0.1095    0.0008    0.0149    0.0567
    2.6537    0.1023    0.4719    0.0554    0.3061    2.8247    4.7652    0.1413    0.2986    1.2305

  Columns 341 through 350

    0.7078   -7.9974   -1.9354    2.8104    0.8537    0.0745   -6.1769    1.4816    0.8901    5.7829
    0.0578   -0.5388   -0.0824    0.2170    0.0535    0.0047   -0.4076    0.1193    0.0621    0.4553
    0.0193    0.0036    0.0440    0.0103    0.0204    0.0277    0.0051    0.0082    0.0110    0.0280
    0.2343    0.1745    1.2233    0.0590    0.2386    1.2759    0.2195    0.1092    0.4066    0.0670

  Columns 351 through 360

   -9.6692   -2.5826    1.2187    1.2303    0.0351    2.5558   -0.1045    0.5718   -1.8847    0.6542
   -0.2759   -0.1787    0.0870    0.0891    0.0027    0.2464   -0.0053    0.0452   -0.1123    0.0458
    0.1430    0.0129    0.0086    0.0301    0.0531    0.0211    0.0236    0.0152    0.0256    0.0092
    1.5551    0.6267    0.1085    0.2082    2.2982    0.1036    1.0111    0.2238    0.9944    0.2460

  Columns 361 through 370

    0.3190    0.4879   -3.6412    0.3074   -5.8393   -1.9789    1.6387   -0.6823    0.0134    0.4772
    0.0240    0.0291   -0.1986   -0.0247   -0.3486   -0.0814    0.1131   -0.0062    0.0010    0.0342
    0.0182    0.0062    0.0116    0.0000    0.0095    0.0158    0.0069    0.0205    0.1650    0.0169
    0.4604    0.1881    0.2780    0.0278    0.2675    0.2550    0.1583    0.2301    7.3094    0.2561

  Columns 371 through 380

    0.2085    0.0089    0.0083    0.2646    0.0333    0.0170    0.1403    0.6559    0.0276   -2.6816
    0.0178    0.0011    0.0008    0.0244    0.0023    0.0025    0.0729    0.0443    0.0061   -0.1300
    0.0148    0.1177    0.1185    0.0160    0.1053    0.0358    0.0236    0.0105    0.0088    0.0133
    0.3203    5.1756    5.2548    0.4441    4.5393    1.4085    0.0911    0.1917    0.2701    0.2600

  Columns 381 through 390

   -1.7974    3.2354   -0.0048   -2.4217    0.0674    0.0037    1.6552    1.5552    1.5221    0.0041
   -0.0865    0.2809    0.0011   -0.0947    0.0051    0.0469    0.1508    0.1189    0.1661    0.0004
    0.0289    0.0274    0.0257    0.0507    0.0872    0.0193    0.0091    0.0076    0.0313    0.0861
    0.8577    0.0984    1.0218    1.2317    4.0501    0.0894    0.0973    0.0944    0.1678    3.7511

  Columns 391 through 400

    0.5075    1.7766   -5.4542    0.1468    1.2154   -2.6330   -2.6154    2.6344   -0.7828   -8.3554
    0.0355    0.1291   -0.3948    0.0109    0.0968   -0.1308   -0.1449    0.1730   -0.0299    0.5327
    0.0188    0.0053    0.0015    0.0460    0.0004    0.0114    0.0099    0.0945    0.0293    0.0032
    0.7393    0.1170    0.1222    1.9790    0.1281    0.2249    0.2670    0.2183    0.8407    0.0253

  Columns 401 through 410

    0.4496   -7.5413    0.0657    0.0689   -2.7822   -2.6024    0.0225    0.2659    0.5536    0.6312
    0.0271   -0.3339    0.0047    0.0043   -0.1620   -0.1413    0.0014    0.0211    0.0364    0.0467
    0.0159    0.0208    0.0419    0.0311    0.0081    0.0145    0.0831    0.0127    0.0117    0.0006
    0.3281    0.1283    1.8487    1.3206    0.2401    0.4123    3.6392    0.3920    0.4067    0.1776

  Columns 411 through 420

   -0.0231   -2.1429   -2.5634    0.8788    0.7200   -4.7156   -0.8301    0.9770   -3.9565    2.1532
   -0.0001   -0.1016   -0.1459    0.0716    0.0584   -0.2596   -0.0538    0.0713   -0.2041    0.1702
    0.0224    0.0109    0.0064    0.0178    0.0164    0.0997    0.0072    0.0326    0.0372    0.0086
    0.8892    0.2013    0.1657    0.2562    0.2633    3.6641    0.3121    0.2353    1.0827    0.0856

  Columns 421 through 430

    0.0036   -0.3929 -263.6321    1.0860    0.0772   -0.1239    1.2159    2.6944    1.0416   -4.9603
    0.0005    0.0958  -14.9407    0.0647    0.0102    0.0160    0.0929    0.2432    0.0642   -0.2225
    0.1366    0.0109    0.0780    0.0000    0.0111    0.0208    0.0128    0.0282    0.0037    0.0738
    5.9096    0.0381    0.0394    0.0970    0.3875    0.4027    0.1842    0.1139    0.0810    1.9324

  Columns 431 through 440

    0.8159    0.3871   -0.0535   -1.3824    1.5618    0.0123   -4.3703    0.0375    0.4594    0.2610
    0.0470    0.0647    0.0198   -0.0772    0.1074    0.0011   -0.2201    0.0030    0.0374    0.0193
    0.0172    0.0194    0.0107    0.0115    0.0130    0.0962    0.0176    0.0932    0.0100    0.0049
    0.2576    0.0855    0.1815    0.3791    0.1344    4.1697    0.3506    3.9554    0.2332    0.5227

  Columns 441 through 450

    1.1085    1.5165    0.6084   -1.2363   -2.6306   -6.3342    0.0116    0.7227    0.0647   -2.2351
    0.0855    0.1253    0.0457   -0.0627   -0.1380   -0.4096    0.0010    0.0553    0.0041   -0.0926
    0.0219    0.0134    0.0081    0.0185    0.0130    0.0035    0.1405    0.0203    0.0369    0.0429
    0.1662    0.1222    0.1154    0.5832    0.3246    0.1302    6.1604    0.2296    1.9300    1.0928

  Columns 451 through 460

   -1.0821   -1.4540   -2.0557    4.0985    6.6367    3.3881    0.0629   -2.0113   -3.7353    0.2469
    0.0714   -0.0791   -0.1079    0.8580    0.5594    0.2212    0.0042   -0.0909   -0.1733    0.0197
    0.0238    0.0053    0.0220    0.1622    0.0212    0.0003    0.0623    0.0241    0.0518    0.0071
    0.0692    0.1365    0.6825    0.0731    0.0606    0.0542    2.7357    0.5938    1.3966    0.6048

  Columns 461 through 470

    0.4710   -0.1516   -5.3658    0.2923   -2.9357    0.6102    0.0371   -3.6703   -0.0454    1.0553
    0.0343    0.0103   -0.1488    0.0290   -0.1185    0.0576    0.0022   -0.1701   -0.0002    0.0858
    0.0089    0.0116    0.0480    0.0228    0.0436    0.0202    0.0725    0.0443    0.0487    0.0086
    0.1823    0.2628    0.1736    0.4228    0.9632    0.2483    3.4736    1.1417    1.8344    0.2312

  Columns 471 through 480

    0.5746   -4.5008   -1.1254    0.0592    0.6438   -0.0311   -0.0600    0.5195    0.0489    0.0554
    0.0433   -0.3344   -0.0590    0.0055    0.0477    0.0142    0.0154    0.0335    0.0032    0.0034
    0.0211    0.0006    0.0150    0.0350    0.0158    0.0212    0.0174    0.0013    0.0526    0.0624
    0.2702    0.0753    0.4866    1.3108    0.2709    0.4484    0.3080    0.1307    2.4732    2.5893

  Columns 481 through 490

    0.9180    1.1414   -4.3323    0.9564    0.5063    0.7667    0.0057   -0.9224    0.0698   -2.1053
    0.0784    0.0884   -0.2534    0.0674    0.0473    0.0983    0.0006   -0.0422    0.0058   -0.0918
    0.0113    0.0002    0.0084    0.0100    0.0139    0.0190    0.1354    0.0277    0.0523    0.0314
    0.1759    0.1202    0.2257    0.1515    0.2797    0.1805    5.9035    0.8869    2.1035    0.7888

  Columns 491 through 500

    0.0110    0.1416    0.6028    0.0121    0.5030    0.0068    4.6753    0.7727   -3.5161    0.7463
    0.0009    0.0315    0.0560    0.0009    0.0365    0.0007    0.3415    0.0670   -0.1401    0.0544
    0.0861    0.0106    0.0168    0.1273    0.0063    0.0975    0.0015    0.0104    0.0656    0.0177
    3.6996    0.1561    0.2365    5.5327    0.1402    4.1717    0.0449    0.2094    1.5629    0.2296

  Columns 501 through 510

    0.0161    1.0835    7.9384   -0.0022   -0.1083    0.0110   -6.6944    0.0672    0.0346    1.1288
    0.0010    0.0755    0.6561    0.0005   -0.0022    0.0009   -0.4485    0.0049    0.0031    0.0805
    0.1292    0.0005    0.0328    0.0380    0.0174    0.0678    0.0033    0.0325    0.1053    0.0117
    5.7548    0.0741    0.0667    1.5666    0.5527    2.9511    0.1537    1.3612    4.5097    0.1696

  Columns 511 through 520

    0.0595   -0.2272    0.4542   -3.8878    0.1091    0.7063    0.0197    0.0145   -0.2383    0.1519
    0.0172    0.0021    0.0489   -0.1486    0.0074    0.0562    0.0013    0.0013   -0.0051    0.0129
    0.0054    0.0124    0.0228    0.0454    0.0320    0.0181    0.0598    0.0671    0.0135    0.0144
    0.0980    0.2536    0.3223    0.7881    1.4733    0.2344    2.7372    2.9963    0.3818    0.3583

  Columns 521 through 530

    0.1107    0.7145   -6.6430    0.5360    0.0207    1.3444   -2.1666    0.6483    0.6222    0.1220
    0.0088    0.0577   -0.3973    0.0410    0.0016    0.1039   -0.1161    0.0536    0.0437    0.0158
    0.0340    0.0008    0.0122    0.0264    0.0816    0.0074    0.0330    0.0188    0.0056    0.0172
    1.3628    0.2650    0.3577    0.3342    3.5950    0.1177    1.1252    0.2277    0.2795    0.3361

  Columns 531 through 540

    0.4454    3.0488   -0.0769   -5.1286    2.4794   -0.9944    0.0311    0.7302   -0.5483    0.1977
    0.0362    0.2469   -0.0020   -0.3365    0.1812   -0.0578    0.0018    0.0566   -0.0233    0.0135
    0.0106    0.0094    0.0198    0.0092    0.0068    0.0069    0.0780    0.0150    0.0067    0.0156
    0.2509    0.0613    0.7122    0.3913    0.0818    0.2411    3.5913    0.2193    0.1639    0.5049

  Columns 541 through 550

    0.5895   -3.7657    0.0200   -4.4432   -4.7285   -3.3698    2.5587   -3.0347    0.9145    0.3712
    0.0472   -0.1613    0.0015   -0.2285   -0.2951   -0.1171    0.1862   -0.1923    0.0641    0.0244
    0.0120    0.0690    0.1337    0.0119    0.0032    0.0247    0.0000    0.0114    0.0144    0.0292
    0.2490    1.8089    5.8447    0.2030    0.0954    0.2800    0.0480    0.4516    0.1779    0.5540

  Columns 551 through 560

    0.8609    1.6880   -1.1664   -0.2361    0.0065    0.3663   -1.8680    0.9095    0.0027    0.0537
    0.0576    0.1559   -0.0668   -0.0020    0.0005    0.0480   -0.0970    0.0923    0.0010    0.0032
    0.0133    0.0622    0.0389    0.0094    0.2343    0.0077    0.0069    0.0250    0.0600    0.0359
    0.2134    0.2161    1.5462    0.1643   10.4048    0.0771    0.1471    0.1999    2.4252    1.6745

  Columns 561 through 570

   -4.0152    0.5754    0.0525    0.0205    0.5531    0.4155   -3.1267    0.3719    0.8357    0.5705
   -0.2097    0.0446    0.0039    0.0012    0.0437    0.0313   -0.1946    0.0300    0.0705    0.0390
    0.0097    0.0109    0.0498    0.0709    0.0149    0.0146    0.0054    0.0294    0.0035    0.0204
    0.1667    0.2175    2.0376    3.1555    0.2730    0.2760    0.1850    0.4943    0.0618    0.2923

  Columns 571 through 580

   -4.3351    5.0801   -2.7221   -3.8485    0.8281    2.6435    0.3307   -0.0162    0.0207    0.0300
   -0.2883    0.3569   -0.1322   -0.2521    0.0526    0.1752    0.0282   -0.0000    0.0019    0.0040
    0.0038    0.0000    0.0383    0.0052    0.0001    0.0004    0.0086    0.0294    0.0280    0.0366
    0.1690    0.0534    1.1165    0.2157    0.4354    0.0862    0.1411    1.2124    1.2055    1.3844

  Columns 581 through 590

    0.6174    0.8885    0.7464    0.6458   -2.9222   -1.5092    2.4532    2.4634    2.8858    0.6413
    0.0593    0.0665    0.0498    0.0541   -0.1188   -0.0680    0.1721    0.1472    0.1958    0.0475
    0.0288    0.0105    0.0080    0.0243    0.0575    0.0255    0.0010    0.0000    0.0003    0.0144
    0.2862    0.1347    0.2591    0.2502    1.4369    0.6996    0.0993    0.0440    0.0666    0.3176

  Columns 591 through 600

   -2.4970    0.8948    0.3764    0.4786    0.6258    2.7492    3.8089    1.3138   -1.5133  -16.9050
   -0.2116    0.0624    0.0317    0.0507    0.0505    0.2185    0.3105    0.0865   -0.0731   -0.7432
    0.0002    0.0095    0.0005    0.0133    0.0166    0.0653    0.0047    0.0000    0.0123    0.0402
    0.0599    0.1273    0.6953    0.2693    0.2407    0.1617    0.0469    0.0941    0.3012    0.1531

  Columns 601 through 610

    0.0277    1.0100    0.2311    1.1163    0.7752   -0.0369    0.5430    1.0758    4.5727    1.2131
    0.0020    0.0771    0.0280    0.0802    0.0616    0.0006    0.0329    0.0607    0.3226    0.1088
    0.0761    0.0002    0.0138    0.0100    0.0140    0.0106    0.0044    0.0087    0.0114    0.0106
    3.2379    0.1519    0.2943    0.2587    0.1864    0.3451    0.3455    0.2352    0.0524    0.1173

  Columns 611 through 620

    0.9698    0.0248    2.7494    1.5039    1.4277    0.8067    0.7004    0.3847    1.5395    0.0368
    0.0586    0.0018    0.2098    0.1224    0.1121    0.0688    0.0488    0.0289    0.0978    0.0029
    0.0008    0.1167    0.0099    0.0128    0.0155    0.0128    0.0164    0.0280    0.0000    0.0697
    0.2195    5.0944    0.0672    0.1067    0.1247    0.1189    0.1720    0.5357    0.0872    3.0667

  Columns 621 through 630

   -0.4127   -3.4139    0.7285    3.6623   -0.4076    3.0496   -0.1587    0.3746   -2.5187    0.3386
   -0.0147   -0.1383    0.0570    0.2297   -0.0041    0.2440   -0.0034    0.0283   -0.1085    0.0279
    0.0268    0.0564    0.0133    0.0000    0.0116    0.0000    0.0120    0.0030    0.0445    0.0124
    0.8606    1.3117    0.2205    0.0484    0.1895    0.0650    0.3528    0.3704    1.1603    0.4999

  Columns 631 through 640

    0.4371   -3.5230   -3.0881   -0.0013   -4.8740    0.6772    0.9058    0.8137    0.0083    0.8333
    0.0407   -0.2488   -0.1922    0.0012   -0.2744    0.0490    0.0689    0.0650    0.0017    0.0576
    0.0165    0.0018    0.0078    0.0941    0.0149    0.0136    0.0235    0.0405    0.0373   -0.0001
    0.3100    0.1151    0.2830    3.9228    0.3983    0.3023    0.2013    0.2784    1.5484    0.0153

  Columns 641 through 650

   -1.5698         0    5.0399    0.0140   -4.3737    0.6468    0.0422   -1.6361    1.0038    0.7157
   -0.0913         0    0.3952    0.0015   -0.1788    0.0475    0.0035   -0.0976    0.0908    0.0503
    0.0167         0    0.0141    0.0740    0.0520    0.0060    0.0474    0.0084    0.0193    0.0000
    0.6115         0    0.0573    3.1572    1.0520    0.1139    2.0142    0.2956    0.1620    0.2137

  Columns 651 through 660

    3.3432    3.1337    0.4064   -5.8009   -6.4578    2.7096    0.5046   -0.1507    2.1984    0.0604
    0.2666    0.2534    0.0264   -0.2628   -0.3901    0.2159    0.0412    0.0205    0.1570    0.0049
    0.0121    0.0052    0.0024    0.0540    0.0038    0.0127    0.0116    0.0149    0.0121    0.0595
    0.0599    0.0521    0.1639    1.2024    0.0792    0.0746    0.2180    0.1772    0.0835    2.5194

  Columns 661 through 670

   -4.1615    1.6479   -0.1395    0.9730    0.0470    1.7457  -10.8696   -0.5490   -5.6173   -2.5492
   -0.2312    0.1720   -0.0017    0.0777    0.0038    0.1210   -0.6584   -0.0185   -0.3657   -0.1163
    0.0079    0.0080    0.0066    0.0069    0.0831    0.0054    0.0059    0.0338    0.0059    0.0157
    0.1619    0.0276    0.1796    0.1047    3.4202    0.1002    0.1228    1.0023    0.2379    0.2871

  Columns 671 through 680

    0.0293    1.1556    0.5341   -0.4936    9.3805   -0.5562    1.0734   -0.0278    0.6051    0.0376
    0.0047    0.0858    0.0584    0.0105    0.5990   -0.0101    0.0732    0.0677    0.0492    0.0024
    0.0142    0.0089    0.0163    0.0231    0.0071    0.0210    0.0091    0.0185    0.0115    0.0590
    0.4355    0.3126    0.2729    0.2171    0.0270    0.4363    0.1939    0.0857    0.1483    2.7933

  Columns 681 through 690

    4.3075    0.0180   -0.1277    1.0920   -1.5079    0.2319   -3.5407   -0.0642    0.0356   -0.0944
    0.3902    0.0011    0.0010    0.0791   -0.0727    0.0205   -0.2388    0.0066    0.0024   -0.0010
    0.0208    0.0721    0.0179    0.0004    0.0107    0.0175    0.0054    0.0077    0.0524    0.0178
    0.0766    3.0497    0.4714    0.2078    0.2461    0.5032    0.2528    0.1417    2.4239    0.6234

  Columns 691 through 700

   -4.3853    0.9752    0.7267   -1.9515    1.9467    0.5996   -0.0206   -0.0265   -7.1987    0.0224
   -0.2256    0.0565    0.0530   -0.1105    0.1808    0.0530    0.0007    0.0103   -0.3947    0.0020
    0.0142    0.0000    0.0145    0.0083    0.0074    0.0235    0.0514    0.0100    0.0146    0.1215
    0.2717    0.1101    0.1768    0.2448    0.0850    0.2800    2.0258    0.1775    0.2901    5.2151

  Columns 701 through 710

    2.2635   -4.0577    0.3573    0.7625    0.3873    0.3455    0.9680   -2.0179    1.0167    3.0310
    0.1601   -0.2523    0.1503    0.0476    0.0300    0.0401    0.0693   -0.0993    0.0742    0.1595
    0.0001    0.0072    0.0129    0.0101    0.0020    0.0006    0.0117    0.0120    0.0096    0.0000
    0.0617    0.2467    0.0418    0.2502    0.3059    1.4134    0.1407    0.2665    0.1229    0.0936

  Columns 711 through 720

   -1.9576    0.8888    0.4289    0.6642   -2.9290   -0.3336    0.1710    0.1657   -3.0553    0.6856
   -0.0966    0.0668    0.0285    0.0520   -0.2097   -0.0147    0.0131    0.0325   -0.1771    0.0561
    0.0214    0.0118    0.0221    0.0189    0.0023    0.0227    0.0141    0.0124    0.0091    0.0080
    0.5972    0.2181    0.4234    0.2291    0.1441    0.8124    0.5596    0.1194    0.2653    0.1320

  Columns 721 through 730

    3.4660    0.0057    0.8417    9.2174   -5.5252    0.0128    0.1373   -1.2765    0.0101   -0.1939
    0.2540    0.0006    0.0665    0.7397   -0.1743    0.0008    0.0098   -0.0623    0.0012   -0.0057
    0.0042    0.0997    0.0112    0.0200    0.0946    0.1282    0.0295    0.0097    0.0637    0.0120
    0.0378    4.3797    0.1493    0.0502    1.4723    5.6812    1.1519    0.2349    2.7126    0.4062

  Columns 731 through 740

   -0.2160    0.0112   -9.8524    0.8073    4.8152    0.8097    0.4293    0.9133    0.5634    0.5336
   -0.0052    0.0012    0.4024    0.0635    0.3710    0.0594    0.0244    0.0696    0.0467    0.0331
    0.0133    0.0281    0.0780    0.0125    0.0000    0.0160    0.0091    0.0172    0.0209    0.0048
    0.4153    1.2045    0.0766    0.1697    0.0677    0.1754    0.3021    0.2168    0.2739    0.3289

  Columns 741 through 750

   -1.1592    1.9668    3.6697    0.9377    0.0163   -1.6940   -2.7608    1.2567    1.1466  -11.3399
   -0.0590    0.1520    0.2557    0.0815    0.0126   -0.0764   -0.1563    0.0881    0.0752   -0.6982
    0.0198    0.0061    0.0000    0.0185    0.0086    0.0206    0.0106    0.0078    0.0111    0.0040
    0.6396    0.0756    0.0395    0.2011    0.1996    0.5064    0.3078    0.0709    0.1184    0.0798

  Columns 751 through 760

   -2.0210   -0.2099    0.1088   -0.5158   -6.2223    0.5118    1.5673    0.6827   -7.7637    0.7654
   -0.1240   -0.0093    0.0087   -0.0233   -0.2781    0.0387    0.1124    0.0434   -0.6069    0.0481
    0.0070    0.0228    0.0317    0.0271    0.0220    0.0083    0.0000    0.0003    0.0002    0.0008
    0.2505    0.8893    1.2692    0.9428    0.2225    0.2928    0.0820    0.1383    0.0750    0.2450

  Columns 761 through 770

    0.1453    3.1906   -1.1913  -18.9142    0.7805    1.6629    0.4490   -3.5825    0.1002    0.0145
    0.0129    0.1954   -0.0370   -0.1542    0.0725    0.1133    0.0321   -0.1392    0.0072    0.0009
    0.0140    0.0002    0.0333    0.1165    0.0100    0.0000    0.0052    0.0824    0.0301    0.1267
    0.3751    0.0719    0.6893    0.0586    0.1544    0.0797    0.1812    2.0563    1.4295    5.5949

  Columns 771 through 780

    0.0346  -11.0368    0.6423    1.7935    1.1193    2.4571   -3.2658   -1.7868   -2.1454    0.0071
    0.0025    0.3232    0.0410    0.1130    0.1038    0.1907   -0.1199   -0.0707   -0.1369    0.0007
    0.0728    0.1293    0.0085    0.0046    0.0122    0.0080    0.0564    0.0239    0.0059    0.0650
    3.1074    0.0419    0.3351    0.0818    0.1044    0.0670    1.1460    0.4830    0.2347    2.7851

  Columns 781 through 790

    0.0620    0.6263   -2.8756    0.0483    0.6310    0.0086    0.0613    1.1121    2.9892    0.6507
    0.0040    0.0534   -0.1292    0.0031    0.0624    0.0009    0.0046    0.0712    0.2117    0.0488
    0.0374    0.0228    0.0644    0.1145    0.0123    0.0683    0.0627    0.0001    0.0126    0.0158
    1.5904    0.2640    1.8982    5.0738    0.1570    2.9212    2.6107    0.1084    0.0710    0.2582

  Columns 791 through 800

    2.0348    0.1418    0.6848    3.7792   -0.4118    1.0759    1.1984    0.2597    0.4610    0.0050
    0.1379    0.0104    0.0487    0.3096   -0.0083    0.0860    0.1013    0.0215    0.0765    0.0004
    0.0000    0.0176    0.0018    0.0020    0.0129    0.0158    0.0133    0.0050    0.0061    0.2651
    0.0756    0.6429    0.2240    0.0618    0.2320    0.1322    0.1194    0.1474    0.0424   11.8164

  Columns 801 through 810

    0.6044    1.6742    0.0153    0.3606   -4.6700    0.0170    2.2851    0.5958    1.0421    0.4944
    0.0497    0.1042    0.0013    0.0236   -0.3312    0.0013    0.1649    0.0393    0.0744    0.0413
    0.0162    0.0056    0.0812    0.0141    0.0032    0.1440    0.0000    0.0020    0.0074    0.0088
    0.2479    0.0985    3.5700    0.3311    0.1982    6.3033    0.0753    0.2459    0.1163    0.1931

  Columns 811 through 820

    1.8535    0.0152   -2.5446    4.3521    1.0609    0.6457   -3.4732    0.0101   -2.1989    4.0369
    0.1641    0.0011   -0.1283    0.3404    0.0945    0.0460   -0.1619    0.0010   -0.1170    0.2720
    0.0186    0.1324    0.0200    0.0118    0.0143    0.0188    0.0169    0.0683    0.0294    0.0023
    0.1125    5.8016    0.5288    0.0585    0.1345    0.2568    0.2822    2.8787    0.9686    0.0358

  Columns 821 through 830

    2.0032   -1.4154    0.2057    0.4365   -0.0858    0.1272    0.0706    1.5918    0.9336    0.0170
    0.1398   -0.0552    0.0148    0.0332   -0.0018    0.0089    0.0053    0.1428    0.0658    0.0014
    0.0000    0.0266    0.0234    0.0251    0.0172    0.0338    0.0333    0.0160    0.0179    0.0619
    0.0710    0.6158    0.9297    0.3952    0.6122    1.3493    1.4126    0.1112    0.1867    2.6269

  Columns 831 through 840

    0.1081    0.0079    1.0332    0.6877   -1.6472    5.1473    0.0850    0.0587   -0.9352   -0.7623
    0.0069    0.0009    0.0853    0.0506   -0.0786    0.3556    0.0077    0.0037   -0.0409   -0.0603
    0.0538    0.1318    0.0055    0.0194    0.0157    0.0000    0.0244    0.0473    0.0312    0.0069
    2.3195    5.6621    0.0764    0.2521    0.3935    0.0360    0.9000    2.2227    0.9839    0.4003

  Columns 841 through 850

    0.3851    0.8601    0.0812    0.1875   -0.1431    0.0075    2.4143   -0.0449    0.7660   -0.1217
    0.0317    0.1019    0.0047    0.0117   -0.0036    0.0007    0.1767    0.0039    0.0516    0.0161
    0.0004    0.0071    0.0420    0.0132    0.0147    0.0829    0.0054    0.0134    0.0203    0.0048
    0.5042    0.0179    2.0000    0.6845    0.4539    3.6427    0.0615    0.3264    0.2389    0.0654

  Columns 851 through 860

    0.7318    3.0983    0.0662    0.0099   -1.3977    0.0964    1.8361    0.8274    0.6073    2.9733
    0.0547    0.2130    0.0049    0.0011   -0.0531    0.0058    0.1426    0.0553    0.0487    0.2245
    0.0155    0.0000    0.0302    0.0710    0.0358    0.0328    0.0048    0.0083    0.0220    0.0134
    0.3456    0.0471    1.2524    3.0992    0.9039    1.6674    0.1136    0.2750    0.2753    0.1358

  Columns 861 through 870

    0.0119    1.0249    0.0556    3.0077    0.8241    0.3622    1.4217    0.5077   -2.9581   -1.7272
    0.0010    0.0726    0.0041    0.2360    0.0731    0.0296    0.0952    0.0423   -0.1578   -0.1192
    0.1133    0.0108    0.0709    0.0031    0.0077    0.0134    0.0129    0.0078    0.0097    0.0092
    4.9474    0.2831    3.0203    0.0404    0.1865    0.2765    0.1077    0.2787    0.2178    0.4464

  Columns 871 through 880

   -1.1036    0.0200   -4.4156   -0.2438    0.8095    0.6125   -0.5434    0.6258    0.7550    0.0113
   -0.0404    0.0015   -0.2763   -0.0123    0.0656    0.0437    0.0387    0.0436    0.0561    0.0010
    0.0315    0.0584    0.0057    0.0273    0.0126    0.0166    0.0025    0.0108    0.0138    0.1187
    0.7934    2.6378    0.1931    1.0956    0.1698    0.3100    0.0164    0.2646    0.2186    5.2867

  Columns 881 through 890

    0.6519    1.1292    2.0164    0.9292    0.4931   -2.4113    0.5078   -0.2646    1.6401    1.8466
    0.0572    0.0767    0.1539    0.0612    0.0877   -0.1419    0.0405    0.0001    0.1434    0.1433
    0.0105    0.0148    0.0086    0.0018    0.0128    0.0036    0.0054    0.0169    0.0171    0.0051
    0.1524    0.1684    0.0876    0.2041    0.1021    0.0916    0.1673    0.3144    0.1029    0.0674

  Columns 891 through 900

    0.0772    0.8248   -1.3681   -0.5069   -0.1113    0.6241   -0.2017    0.7951    1.2677   -2.7818
    0.0082    0.0563   -0.0505   -0.0087    0.0294    0.0536   -0.0065    0.0584    0.0882   -0.1646
    0.0089    0.0124    0.0353    0.0069    0.0146    0.0202    0.0264    0.0126    0.0005    0.0073
    0.2662    0.3649    0.8672    0.0975    0.2279    0.2780    0.9366    0.2920    0.1536    0.2227

  Columns 901 through 910

    0.1885    4.1758    0.3516    0.2259    0.1383    0.0518    0.5639    0.6099    0.6453    0.0369
    0.0144    0.2563    0.0245    0.0161    0.0504    0.0046    0.0451    0.0414    0.0488    0.0032
    0.0147    0.0000    0.0081    0.0080    0.0198    0.0484    0.0116    0.0128    0.0094    0.0578
    0.3688    0.0632    0.2500    0.4977    0.1906    1.9957    0.1985    0.2525    0.1484    2.3986

  Columns 911 through 920

    4.4539    0.0145    0.8295   -0.1174    0.0446   -0.1416    0.0257   -0.3094    0.0266    0.0866
    0.2986    0.0013    0.0565    0.0034    0.0032   -0.0065    0.0022   -0.0042    0.0118    0.0067
    0.0049    0.0476    0.0105    0.0144    0.0507    0.0161    0.0893    0.0085    0.0134    0.0369
    0.0306    2.0080    0.2336    0.3189    2.1898    0.6308    3.8819    0.1947    0.2830    1.4245

  Columns 921 through 930

    1.4482    0.0089   -3.1088   -2.8568    0.6926    0.0383   -1.7817    1.6123    0.0517   -8.8522
    0.0961    0.0006   -0.1461   -0.1415    0.0626    0.0026   -0.1044    0.1327    0.0035    0.3004
    0.0444    0.1439    0.0178    0.0221    0.0146    0.0455    0.0114    0.0065    0.0527    0.1527
    0.2017    6.3967    0.3394    0.5580    0.2109    1.9385    0.3982    0.0811    2.2531    0.0542

  Columns 931 through 940

   -5.6021    0.8719    0.0146    0.8965    0.0520    1.3504    1.1610    0.5119    1.0216    0.0566
   -0.3589    0.0697    0.0016    0.0680    0.0034    0.0946    0.0837    0.0320    0.0680    0.0047
    0.0050    0.0126    0.0508    0.0006    0.0532    0.0089    0.0096    0.0025    0.0058    0.0392
    0.1807    0.1724    2.0737    0.1499    2.5006    0.0885    0.2605    0.1389    0.0818    1.6699

  Columns 941 through 950

    0.4741   -5.4671   -5.0136   -3.5214    0.5203    0.4311   13.1378    0.1607    0.0167    1.2772
    0.0481   -0.3111   -0.1824   -0.2337    0.0518    0.0299    1.0815    0.0611    0.0013    0.1167
    0.0133    0.0113    0.0644    0.0069    0.0090    0.0124    0.0029    0.0162    0.1187    0.0191
    0.2164    0.2747    1.0739    0.3069    0.1731    0.1973    0.0280    0.0895    5.2761    0.0864

  Columns 951 through 960

    0.4003    0.6391    0.0648    0.9172    0.5600   -0.3968    1.6547    0.8577   -4.8723    0.6404
    0.0335    0.0568    0.0048    0.0467    0.0380   -0.0067    0.1469    0.0569   -0.2654    0.0571
    0.0317    0.0190    0.0485    0.0010    0.0016    0.0119    0.0089    0.0138    0.0098    0.0196
    0.4198    0.2589    1.9827    0.2229    0.1439    0.2016    0.0833    0.3044    0.1868    0.2652

  Columns 961 through 970

    0.7725    0.6710    0.0528   -0.4743    2.1001    0.3889   -3.3551    2.3885    0.8225    0.3486
    0.0589    0.0515    0.0043   -0.0044    0.1634    0.0346   -0.1429    0.1628    0.0520    0.0321
    0.0077    0.0110    0.0498    0.0129    0.0000    0.0116    0.0546    0.0028    0.0108    0.0162
    0.1748    0.2415    2.0321    0.1626    0.0897    0.2114    1.3624    0.0691    0.2615    0.3778

  Columns 971 through 980

    0.0109    0.0664    0.3273    7.6532    0.4863   -2.2383    0.4052    0.4090    0.1742    0.0350
    0.0015    0.0126    0.0278    0.6015    0.0358   -0.1055    0.0287    0.0275    0.0130    0.0024
    0.1305    0.0117    0.0060    0.0050    0.0110    0.0551    0.0118    0.0158    0.0297    0.0779
    5.5280    0.2687    0.1546    0.0625    0.1834    1.7500    0.3085    0.4416    1.2638    3.3373

  Columns 981 through 990

    3.0342    0.1688   -0.0567    0.6127    0.7786    0.0338    1.6399    0.4406    0.5473   -1.1171
    0.2402    0.0149   -0.0016    0.0441    0.0598    0.0029    0.1477    0.0326    0.0428   -0.0527
    0.0102    0.0216    0.0108    0.0198    0.0196    0.1071    0.0161    0.0111    0.0127    0.0109
    0.0642    0.6202    0.4047    0.2772    0.2434    4.6455    0.1007    0.2631    0.2423    0.2693

  Columns 991 through 1000

    1.3530    0.0112    0.6623    0.1239    0.1236    1.5605    0.6304    1.0480    1.3396   -2.4798
    0.1076    0.0012    0.0466    0.0087    0.0105    0.1081    0.0508    0.0846    0.1028   -0.1000
    0.0396    0.1147    0.0103    0.0394    0.0165    0.0000    0.0009    0.0129    0.0088    0.0149
    0.2021    4.9970    0.3015    1.5970    0.5520    0.0698    0.2761    0.1920    0.1190    0.1736

With confidence of .95, a10 lies within -1.0894 < -0.5308 < 0.0277 with an error of 206.1695%
With confidence of .95, a12 lies within -0.0350 < -0.0030 < 0.0289 with an error of 108.0975%
With confidence of .95, a21 lies within 0.0236 < 0.0257 < 0.0277 with an error of 242.1851%
With confidence of .95, a20 lies within 0.7131 < 0.7980 < 0.8830 with an error of 299.0221%

With confidence of .95, a10 lies within -1.0769 < -0.5187 < 0.0396 with an error of 203.7305%
With confidence of .95, a12 lies within -0.0343 < -0.0024 < 0.0296 with an error of 106.3036%
With confidence of .95, a21 lies within 0.0236 < 0.0256 < 0.0277 with an error of 241.6882%
With confidence of .95, a20 lies within 0.7121 < 0.7971 < 0.8820 with an error of 298.5290%